1.12,9.60,-1.44,0.01,0.01,-0.01,-0.98
1.18,9.64,-1.37,0.01,0.00,-0.01,-0.98
1.22,9.57,-1.47,0.01,0.01,-0.01,-0.98
1.29,9.55,-1.41,0.02,0.01,-0.02,-1.16
1.20,9.63,-1.39,0.02,-0.01,-0.03,-1.16
1.33,9.49,-1.35,0.03,-0.00,-0.03,-0.94
1.32,9.62,-1.45,0.03,0.00,-0.05,-0.94
1.32,9.59,-1.41,0.04,0.01,-0.06,-0.94
1.20,9.49,-1.52,0.04,0.02,-0.07,-1.07
1.15,9.57,-1.52,0.04,0.02,-0.07,-1.07
1.13,9.63,-1.51,0.04,0.02,-0.07,-1.07
1.09,9.58,-1.60,0.05,0.01,-0.08,-1.07
0.98,9.63,-1.55,0.05,0.01,-0.07,-1.07
1.07,9.58,-1.49,0.04,0.00,-0.06,-1.05
1.03,9.57,-1.55,0.04,0.00,-0.06,-1.05
1.08,9.57,-1.52,0.04,-0.01,-0.04,-0.92
1.14,9.59,-1.48,0.04,-0.02,-0.04,-0.92
1.11,9.60,-1.47,0.05,-0.01,-0.04,-0.92
1.13,9.57,-1.52,0.05,-0.01,-0.04,-0.89
1.22,9.56,-1.58,0.05,-0.03,-0.05,-0.89
1.23,9.51,-1.51,0.05,-0.02,-0.06,-0.89
1.13,9.61,-1.52,0.06,-0.02,-0.07,-0.89
1.12,9.61,-1.59,0.07,-0.03,-0.07,-0.89
1.09,9.65,-1.55,0.06,-0.01,-0.08,-0.72
1.04,9.56,-1.71,0.06,-0.02,-0.08,-0.72
1.06,9.58,-1.55,0.06,-0.02,-0.07,-0.79
1.07,9.62,-1.61,0.06,-0.03,-0.06,-0.79
1.12,9.62,-1.63,0.05,-0.03,-0.06,-0.79
1.05,9.58,-1.63,0.05,-0.02,-0.06,-0.96
1.04,9.61,-1.72,0.05,-0.01,-0.06,-0.96
1.01,9.61,-1.58,0.04,-0.02,-0.05,-1.10
1.04,9.60,-1.72,0.04,-0.02,-0.05,-1.10
1.08,9.56,-1.66,0.04,-0.02,-0.04,-1.10
1.07,9.57,-1.71,0.04,-0.02,-0.05,-1.10
1.08,9.61,-1.65,0.03,-0.02,-0.05,-1.10
1.11,9.62,-1.66,0.03,-0.01,-0.05,-0.86
0.98,9.56,-1.69,0.03,-0.01,-0.05,-0.86
1.02,9.62,-1.69,0.03,-0.02,-0.05,-0.86
1.01,9.67,-1.72,0.03,-0.02,-0.05,-1.07
1.14,9.52,-1.60,0.03,-0.03,-0.05,-1.07
1.11,9.68,-1.59,0.02,-0.02,-0.06,-0.87
1.11,9.62,-1.60,0.03,-0.02,-0.06,-0.87
0.87,9.60,-1.68,0.02,-0.02,-0.06,-0.87
0.91,9.63,-1.76,0.01,-0.03,-0.05,-0.87
1.00,9.59,-1.64,0.01,-0.04,-0.05,-0.87
1.02,9.60,-1.73,0.01,-0.03,-0.05,-0.81
0.96,9.61,-1.73,0.01,-0.01,-0.05,-0.81
0.91,9.63,-1.76,0.01,-0.03,-0.04,-0.81
0.97,9.60,-1.71,0.00,-0.04,-0.04,-0.75
1.00,9.56,-1.67,0.00,-0.04,-0.04,-0.75
1.01,9.59,-1.69,0.00,-0.03,-0.05,-1.01
0.96,9.58,-1.69,-0.00,-0.02,-0.05,-1.01
0.88,9.66,-1.67,-0.01,-0.02,-0.05,-1.01
0.94,9.57,-1.66,-0.00,-0.02,-0.05,-1.01
0.97,9.57,-1.67,-0.00,-0.02,-0.05,-1.01
0.96,9.62,-1.69,-0.01,-0.02,-0.04,-0.96
0.86,9.62,-1.62,-0.01,-0.02,-0.04,-0.96
0.96,9.58,-1.64,-0.02,-0.02,-0.03,-0.96
1.00,9.60,-1.70,-0.01,-0.02,-0.04,-1.27
0.91,9.61,-1.66,-0.01,-0.02,-0.04,-1.27
0.95,9.60,-1.53,-0.02,-0.03,-0.05,-1.29
0.97,9.58,-1.63,-0.01,-0.02,-0.05,-1.29
0.94,9.62,-1.59,-0.01,-0.02,-0.05,-1.29
0.92,9.63,-1.56,-0.01,-0.02,-0.04,-1.29
0.96,9.60,-1.55,-0.01,-0.01,-0.04,-1.29
0.79,9.65,-1.59,-0.01,-0.02,-0.04,-1.24
0.89,9.61,-1.56,-0.01,-0.02,-0.03,-1.24
0.85,9.64,-1.61,-0.01,-0.03,-0.03,-1.24
0.91,9.62,-1.57,-0.01,-0.03,-0.03,-1.32
0.89,9.60,-1.58,-0.02,-0.02,-0.03,-1.32
0.96,9.61,-1.50,-0.01,-0.02,-0.02,-1.37
0.95,9.62,-1.50,-0.01,-0.02,-0.03,-1.37
1.01,9.58,-1.48,-0.01,-0.03,-0.03,-1.37
1.00,9.62,-1.56,-0.00,-0.02,-0.03,-1.37
0.96,9.63,-1.53,-0.00,-0.02,-0.03,-1.37
0.97,9.61,-1.49,-0.00,-0.02,-0.03,-0.99
0.96,9.59,-1.50,-0.00,-0.02,-0.03,-0.99
0.93,9.57,-1.56,-0.00,-0.03,-0.04,-0.99
0.93,9.62,-1.55,0.00,-0.02,-0.04,-0.82
0.91,9.59,-1.50,0.00,-0.02,-0.04,-0.82
0.98,9.64,-1.50,0.00,-0.02,-0.04,-1.26
0.94,9.58,-1.55,0.01,-0.01,-0.04,-1.26
0.85,9.62,-1.49,0.01,-0.01,-0.05,-1.26
0.89,9.64,-1.57,0.01,-0.02,-0.04,-1.05
0.91,9.62,-1.55,0.01,-0.02,-0.04,-1.05
0.96,9.66,-1.50,0.01,-0.02,-0.04,-1.05
0.95,9.61,-1.44,0.01,-0.02,-0.05,-1.05
0.97,9.60,-1.53,0.01,-0.02,-0.05,-1.05
0.98,9.62,-1.49,0.01,-0.02,-0.05,-0.82
0.90,9.62,-1.43,0.02,-0.02,-0.05,-0.82
0.92,9.59,-1.46,0.02,-0.02,-0.05,-1.05
0.84,9.56,-1.55,0.01,-0.02,-0.05,-1.05
0.88,9.60,-1.50,0.02,-0.02,-0.04,-1.05
0.88,9.62,-1.57,0.01,-0.03,-0.04,-1.01
0.89,9.59,-1.55,0.01,-0.03,-0.04,-1.01
0.93,9.62,-1.48,0.01,-0.02,-0.04,-1.01
1.01,9.60,-1.58,0.02,-0.02,-0.05,-1.01
0.87,9.58,-1.61,0.02,-0.01,-0.05,-1.01
0.88,9.64,-1.49,0.02,-0.01,-0.05,-1.05
0.85,9.62,-1.59,0.02,-0.02,-0.05,-1.05
0.93,9.65,-1.54,0.02,-0.03,-0.04,-1.00
0.85,9.62,-1.58,0.02,-0.03,-0.04,-1.00
0.81,9.59,-1.55,0.02,-0.02,-0.04,-1.00
0.85,9.65,-1.55,0.02,-0.02,-0.04,-0.97
0.87,9.62,-1.55,0.02,-0.03,-0.03,-0.97
0.84,9.64,-1.54,0.01,-0.02,-0.03,-0.97
0.91,9.58,-1.54,0.01,-0.02,-0.03,-0.97
0.86,9.55,-1.42,0.02,-0.01,-0.03,-0.97
0.82,9.59,-1.49,0.01,-0.01,-0.03,-1.04
0.85,9.61,-1.50,0.02,-0.02,-0.03,-1.04
0.84,9.60,-1.54,0.01,-0.03,-0.02,-0.94
0.91,9.59,-1.58,0.01,-0.02,-0.03,-0.94
0.77,9.64,-1.48,0.02,-0.01,-0.03,-0.94
0.77,9.60,-1.54,0.02,-0.01,-0.02,-0.88
0.92,9.59,-1.45,0.02,-0.01,-0.02,-0.88
0.83,9.56,-1.50,0.02,-0.01,-0.02,-0.88
0.89,9.63,-1.50,0.02,-0.01,-0.02,-0.88
0.89,9.61,-1.63,0.02,-0.02,-0.02,-0.88
0.95,9.59,-1.47,0.02,-0.02,-0.02,-0.89
0.95,9.57,-1.56,0.02,-0.01,-0.02,-0.89
0.90,9.62,-1.40,0.02,-0.00,-0.02,-1.04
0.78,9.62,-1.56,0.02,-0.00,-0.02,-1.04
0.86,9.63,-1.61,0.02,-0.00,-0.01,-1.04
0.93,9.56,-1.56,0.02,0.01,-0.01,-0.83
0.88,9.60,-1.52,0.02,0.03,-0.01,-0.83
0.76,9.62,-1.63,0.01,0.02,-0.00,-0.83
0.87,9.62,-1.41,0.01,-0.00,0.01,-0.83
0.92,9.60,-1.54,0.01,-0.00,0.01,-0.83
0.98,9.62,-1.55,0.01,0.00,0.01,-0.96
0.92,9.56,-1.49,0.01,0.02,-0.00,-0.96
0.89,9.63,-1.49,0.00,0.01,0.00,-1.33
0.88,9.60,-1.50,0.01,0.00,0.01,-1.33
0.94,9.60,-1.57,0.00,0.00,0.00,-1.33
0.93,9.64,-1.57,-0.00,-0.02,0.00,-1.11
1.06,9.60,-1.59,0.01,-0.01,0.00,-1.11
1.13,9.67,-1.56,0.01,-0.00,-0.00,-1.04
1.06,9.58,-1.33,0.02,-0.02,-0.01,-1.04
1.04,9.56,-1.41,0.03,-0.00,-0.02,-1.04
1.08,9.62,-1.49,0.03,-0.01,-0.03,-1.04
1.03,9.58,-1.58,0.03,-0.01,-0.03,-1.04
0.91,9.63,-1.57,0.03,-0.00,-0.03,-1.03
0.94,9.57,-1.50,0.03,-0.01,-0.03,-1.03
0.95,9.59,-1.57,0.03,0.00,-0.03,-1.03
0.93,9.59,-1.53,0.03,-0.01,-0.03,-1.38
0.97,9.65,-1.69,0.03,-0.01,-0.02,-1.38
0.99,9.64,-1.58,0.03,-0.00,-0.02,-1.25
1.00,9.59,-1.57,0.03,0.00,-0.02,-1.25
1.03,9.63,-1.54,0.02,-0.01,-0.01,-1.25
1.08,9.62,-1.62,0.02,-0.00,-0.03,-1.25
1.04,9.69,-1.50,0.03,-0.00,-0.03,-1.25
1.03,9.64,-1.57,0.03,-0.01,-0.03,-1.04
1.00,9.64,-1.55,0.02,-0.02,-0.03,-1.04
1.05,9.62,-1.64,0.03,-0.02,-0.03,-1.04
1.08,9.58,-1.59,0.03,-0.02,-0.03,-0.95
1.02,9.68,-1.64,0.03,-0.00,-0.03,-0.95
0.90,9.56,-1.55,0.03,-0.01,-0.04,-0.85
1.02,9.62,-1.67,0.03,-0.01,-0.03,-0.85
1.04,9.57,-1.59,0.02,-0.02,-0.03,-0.85
1.07,9.63,-1.60,0.02,-0.01,-0.03,-0.85
1.03,9.59,-1.76,0.02,-0.02,-0.03,-0.85
1.10,9.57,-1.63,0.02,-0.01,-0.03,-0.84
1.05,9.63,-1.49,0.03,-0.01,-0.03,-0.84
1.08,9.59,-1.57,0.03,-0.01,-0.03,-0.84
1.05,9.60,-1.63,0.03,-0.00,-0.04,-1.18
1.01,9.59,-1.58,0.03,-0.00,-0.03,-1.18
0.99,9.64,-1.67,0.02,-0.01,-0.03,-1.17
0.99,9.60,-1.60,0.02,-0.01,-0.02,-1.17
1.01,9.67,-1.64,0.02,-0.01,-0.02,-1.17
1.02,9.58,-1.58,0.02,-0.01,-0.03,-1.17
1.04,9.59,-1.59,0.02,-0.01,-0.02,-1.17
1.01,9.58,-1.59,0.02,-0.01,-0.02,-1.43
0.93,9.59,-1.58,0.02,-0.01,-0.03,-1.43
1.05,9.63,-1.65,0.02,-0.02,-0.02,-1.43
1.06,9.53,-1.62,0.02,-0.01,-0.02,-1.47
0.96,9.55,-1.58,0.02,-0.01,-0.03,-1.47
0.93,9.62,-1.66,0.01,-0.02,-0.02,-1.05
0.94,9.64,-1.57,0.01,-0.02,-0.02,-1.05
1.04,9.58,-1.55,0.01,-0.02,-0.01,-1.05
1.04,9.63,-1.52,0.01,-0.02,-0.01,-1.17
1.10,9.53,-1.54,0.01,-0.02,-0.00,-1.17
1.07,9.52,-1.63,0.01,-0.02,-0.00,-1.21
1.08,9.56,-1.59,0.01,-0.01,-0.01,-1.21
1.12,9.59,-1.61,0.01,-0.01,-0.01,-1.21
1.03,9.64,-1.56,0.01,-0.01,-0.01,-1.29
1.14,9.56,-1.54,0.01,-0.01,-0.01,-1.29
1.03,9.60,-1.54,0.01,-0.01,-0.01,-1.10
1.05,9.58,-1.66,0.01,-0.02,-0.01,-1.10
1.13,9.58,-1.53,0.02,-0.01,-0.01,-1.10
1.14,9.59,-1.63,0.02,-0.00,-0.02,-1.21
1.13,9.56,-1.62,0.02,-0.00,-0.03,-1.21
1.05,9.60,-1.67,0.01,-0.01,-0.03,-1.21
1.06,9.62,-1.59,0.01,-0.01,-0.03,-1.21
1.11,9.61,-1.58,0.02,-0.01,-0.03,-1.21
1.10,9.60,-1.56,0.01,-0.01,-0.03,-1.12
1.03,9.56,-1.51,0.01,-0.01,-0.02,-1.12
1.13,9.62,-1.66,0.01,-0.00,-0.03,-1.30
1.12,9.61,-1.64,0.02,0.01,-0.02,-1.30
1.09,9.60,-1.57,0.01,0.01,-0.03,-1.30
0.98,9.56,-1.59,0.01,-0.00,-0.02,-1.41
1.13,9.60,-1.40,0.02,-0.01,-0.02,-1.41
1.13,9.67,-1.60,0.02,-0.01,-0.02,-1.41
1.12,9.63,-1.55,0.02,-0.00,-0.03,-1.41
1.12,9.62,-1.65,0.02,-0.00,-0.02,-1.41
1.04,9.59,-1.64,0.02,-0.00,-0.02,-1.19
1.04,9.53,-1.65,0.01,-0.01,-0.02,-1.19
1.09,9.55,-1.60,0.01,-0.03,-0.02,-1.52
1.19,9.57,-1.59,0.00,-0.02,-0.02,-1.52
1.10,9.64,-1.60,0.00,-0.01,-0.02,-1.52
1.11,9.63,-1.67,0.00,-0.01,-0.02,-1.27
1.10,9.57,-1.56,0.00,-0.02,-0.03,-1.27
1.15,9.54,-1.69,0.00,-0.02,-0.03,-1.27
1.07,9.59,-1.61,0.00,-0.02,-0.03,-1.27
1.16,9.59,-1.66,0.00,-0.02,-0.03,-1.27
1.15,9.56,-1.57,0.01,-0.02,-0.03,-1.27
1.21,9.65,-1.50,0.01,-0.01,-0.04,-1.27
1.05,9.52,-1.58,0.02,-0.01,-0.04,-1.52
1.08,9.60,-1.63,0.02,-0.02,-0.04,-1.52
1.06,9.59,-1.54,0.02,-0.02,-0.04,-1.52
1.10,9.61,-1.65,0.01,-0.02,-0.03,-1.27
1.10,9.62,-1.53,0.02,-0.03,-0.03,-1.27
1.01,9.62,-1.55,0.02,-0.03,-0.03,-1.27
1.16,9.59,-1.49,0.02,-0.03,-0.03,-1.27
1.14,9.60,-1.58,0.02,-0.03,-0.03,-1.27
1.12,9.59,-1.47,0.02,-0.03,-0.03,-0.97
1.05,9.56,-1.52,0.02,-0.03,-0.03,-0.97
1.07,9.63,-1.61,0.03,-0.02,-0.03,-1.31
1.08,9.56,-1.53,0.02,-0.02,-0.03,-1.31
1.04,9.62,-1.60,0.02,-0.02,-0.03,-1.31
1.04,9.60,-1.62,0.02,-0.03,-0.03,-1.19
1.14,9.64,-1.54,0.02,-0.03,-0.02,-1.19
1.16,9.57,-1.47,0.03,-0.02,-0.02,-1.65
1.07,9.60,-1.52,0.03,-0.02,-0.02,-1.65
1.10,9.60,-1.59,0.02,-0.02,-0.02,-1.65
1.21,9.58,-1.56,0.03,-0.02,-0.02,-1.65
1.15,9.57,-1.52,0.03,-0.01,-0.03,-1.65
1.14,9.61,-1.54,0.03,-0.02,-0.02,-1.39
1.21,9.56,-1.72,0.03,-0.01,-0.03,-1.39
1.08,9.62,-1.59,0.03,-0.01,-0.03,-1.39
1.15,9.57,-1.53,0.03,-0.01,-0.03,-1.10
1.16,9.65,-1.66,0.03,-0.00,-0.03,-1.10
1.04,9.64,-1.65,0.03,-0.00,-0.03,-1.46
1.21,9.63,-1.63,0.03,-0.00,-0.03,-1.46
1.11,9.66,-1.58,0.02,-0.01,-0.03,-1.46
1.06,9.57,-1.62,0.02,-0.01,-0.03,-1.46
1.11,9.58,-1.59,0.02,-0.01,-0.03,-1.46
1.08,9.54,-1.57,0.03,-0.01,-0.03,-1.33
1.13,9.59,-1.63,0.02,-0.00,-0.03,-1.33
1.07,9.59,-1.61,0.02,-0.00,-0.03,-1.33
1.14,9.56,-1.66,0.02,-0.01,-0.03,-1.15
1.09,9.55,-1.69,0.02,-0.01,-0.02,-1.15
1.10,9.61,-1.70,0.01,-0.01,-0.02,-1.15
1.12,9.57,-1.62,0.02,-0.02,-0.01,-1.15
1.13,9.58,-1.61,0.01,-0.02,-0.02,-1.15
1.15,9.57,-1.70,0.02,-0.02,-0.02,-1.15
1.15,9.58,-1.64,0.02,-0.01,-0.02,-1.15
1.14,9.57,-1.66,0.02,-0.01,-0.03,-1.43
1.16,9.59,-1.64,0.02,-0.01,-0.02,-1.43
1.14,9.57,-1.56,0.01,-0.02,-0.02,-1.43
1.17,9.55,-1.58,0.02,-0.02,-0.02,-1.48
1.14,9.58,-1.64,0.01,-0.02,-0.03,-1.48
1.18,9.59,-1.60,0.02,-0.02,-0.02,-1.24
1.05,9.55,-1.69,0.02,-0.02,-0.03,-1.24
1.11,9.55,-1.68,0.02,-0.02,-0.02,-1.24
1.18,9.57,-1.59,0.01,-0.02,-0.02,-1.24
1.19,9.58,-1.61,0.01,-0.02,-0.02,-1.24
1.19,9.56,-1.59,0.01,-0.01,-0.02,-1.10
1.20,9.62,-1.62,0.01,-0.02,-0.03,-1.10
1.18,9.54,-1.58,0.02,-0.02,-0.03,-1.10
1.12,9.62,-1.71,0.01,-0.01,-0.03,-1.15
1.15,9.60,-1.64,0.02,-0.02,-0.03,-1.15
1.16,9.54,-1.62,0.01,-0.02,-0.03,-1.04
1.16,9.58,-1.74,0.02,-0.01,-0.03,-1.04
1.20,9.61,-1.63,0.01,-0.01,-0.03,-1.04
1.17,9.59,-1.67,0.01,-0.01,-0.03,-1.04
1.18,9.55,-1.62,0.01,-0.02,-0.03,-1.04
1.20,9.59,-1.64,0.01,-0.01,-0.03,-0.99
1.19,9.58,-1.59,0.01,-0.01,-0.04,-0.99
1.19,9.64,-1.75,0.02,-0.01,-0.04,-0.99
1.06,9.59,-1.59,0.01,-0.02,-0.03,-1.18
1.10,9.59,-1.69,0.01,-0.02,-0.03,-1.18
1.16,9.56,-1.64,0.01,-0.02,-0.03,-1.10
1.25,9.56,-1.61,0.01,-0.02,-0.04,-1.10
1.11,9.59,-1.58,0.01,-0.02,-0.03,-1.10
1.20,9.60,-1.62,0.01,-0.01,-0.04,-1.20
1.18,9.57,-1.49,0.02,-0.01,-0.03,-1.20
1.16,9.56,-1.68,0.01,-0.01,-0.03,-1.20
1.19,9.55,-1.64,0.01,-0.01,-0.03,-1.20
1.11,9.56,-1.62,0.01,-0.01,-0.03,-1.20
1.18,9.56,-1.62,0.01,-0.02,-0.03,-1.04
1.21,9.64,-1.65,0.01,-0.02,-0.02,-1.04
1.20,9.56,-1.53,0.01,-0.02,-0.03,-1.54
1.11,9.59,-1.68,0.02,-0.02,-0.03,-1.54
1.16,9.58,-1.60,0.02,-0.02,-0.03,-1.54
1.15,9.63,-1.66,0.02,-0.02,-0.03,-1.56
1.16,9.58,-1.74,0.02,-0.01,-0.03,-1.56
1.15,9.58,-1.64,0.02,-0.02,-0.03,-1.56
1.21,9.59,-1.62,0.02,-0.01,-0.03,-1.56
1.22,9.59,-1.52,0.01,-0.01,-0.03,-1.56
1.20,9.57,-1.66,0.02,-0.02,-0.03,-1.33
1.13,9.62,-1.67,0.02,-0.02,-0.03,-1.33
1.17,9.56,-1.68,0.02,-0.01,-0.03,-1.30
1.20,9.59,-1.61,0.02,-0.02,-0.03,-1.30
1.21,9.52,-1.64,0.02,-0.02,-0.03,-1.30
1.17,9.56,-1.70,0.02,-0.02,-0.03,-1.46
1.23,9.59,-1.65,0.02,-0.02,-0.03,-1.46
1.12,9.58,-1.58,0.02,-0.02,-0.03,-1.46
1.11,9.62,-1.54,0.01,-0.02,-0.03,-1.46
1.17,9.60,-1.62,0.01,-0.02,-0.03,-1.46
1.21,9.60,-1.63,0.02,-0.02,-0.02,-1.47
1.13,9.54,-1.56,0.02,-0.02,-0.03,-1.47
1.14,9.56,-1.62,0.02,-0.01,-0.03,-1.30
1.25,9.58,-1.66,0.01,-0.01,-0.03,-1.30
1.16,9.57,-1.61,0.02,-0.01,-0.03,-1.30
1.09,9.58,-1.65,0.02,-0.01,-0.03,-1.13
1.19,9.61,-1.67,0.01,-0.02,-0.03,-1.13
1.19,9.57,-1.59,0.01,-0.02,-0.03,-1.13
1.17,9.63,-1.65,0.01,-0.02,-0.03,-1.13
1.14,9.61,-1.62,0.01,-0.03,-0.03,-1.13
1.21,9.58,-1.55,0.01,-0.03,-0.02,-1.40
1.17,9.58,-1.62,0.00,-0.02,-0.02,-1.40
1.23,9.59,-1.68,0.01,-0.02,-0.04,-1.32
1.16,9.60,-1.62,0.02,-0.01,-0.04,-1.32
1.11,9.58,-1.59,0.02,-0.01,-0.03,-1.32
1.11,9.61,-1.64,0.01,-0.01,-0.02,-1.46
1.20,9.66,-1.77,0.01,-0.03,-0.02,-1.46
1.23,9.54,-1.65,0.01,-0.02,-0.02,-1.46
1.19,9.62,-1.67,0.02,-0.01,-0.03,-1.46
1.16,9.55,-1.58,0.02,-0.01,-0.02,-1.46
1.10,9.61,-1.64,0.02,-0.01,-0.03,-1.28
1.23,9.60,-1.70,0.01,-0.01,-0.03,-1.28
1.20,9.57,-1.66,0.02,-0.02,-0.03,-1.40
1.19,9.58,-1.68,0.02,-0.01,-0.03,-1.40
1.19,9.59,-1.65,0.02,-0.02,-0.03,-1.40
1.18,9.54,-1.72,0.02,-0.01,-0.03,-1.68
1.13,9.61,-1.59,0.02,-0.02,-0.03,-1.68
1.06,9.59,-1.69,0.02,-0.01,-0.03,-1.56
1.15,9.59,-1.67,0.02,-0.02,-0.03,-1.56
1.22,9.58,-1.64,0.01,-0.02,-0.03,-1.56
1.22,9.60,-1.62,0.01,-0.02,-0.04,-1.56
1.20,9.65,-1.66,0.02,-0.01,-0.04,-1.56
1.17,9.59,-1.62,0.02,-0.01,-0.03,-1.36
1.14,9.55,-1.71,0.01,-0.01,-0.04,-1.36
1.16,9.60,-1.70,0.02,-0.01,-0.03,-1.36
1.12,9.57,-1.69,0.02,-0.01,-0.03,-1.51
1.20,9.52,-1.56,0.02,-0.01,-0.04,-1.51
1.19,9.56,-1.64,0.02,-0.01,-0.04,-1.55
1.18,9.53,-1.68,0.02,-0.01,-0.04,-1.55
1.10,9.54,-1.65,0.02,-0.01,-0.04,-1.55
1.10,9.67,-1.62,0.02,-0.01,-0.04,-1.55
1.22,9.58,-1.58,0.02,-0.02,-0.04,-1.55
1.11,9.55,-1.64,0.01,-0.02,-0.04,-1.61
1.18,9.62,-1.65,0.02,-0.02,-0.04,-1.61
1.22,9.57,-1.64,0.01,-0.02,-0.03,-1.61
1.09,9.61,-1.60,0.02,-0.02,-0.03,-1.49
1.16,9.54,-1.64,0.01,-0.02,-0.03,-1.49
1.18,9.56,-1.70,0.01,-0.02,-0.03,-1.32
1.19,9.58,-1.65,0.02,-0.01,-0.03,-1.32
1.16,9.56,-1.68,0.02,-0.02,-0.03,-1.32
1.18,9.67,-1.65,0.02,-0.02,-0.03,-1.32
1.16,9.63,-1.59,0.02,-0.02,-0.03,-1.32
1.09,9.61,-1.74,0.01,-0.02,-0.03,-1.70
1.20,9.67,-1.62,0.02,-0.02,-0.03,-1.70
1.20,9.62,-1.65,0.01,-0.01,-0.03,-1.70
1.23,9.62,-1.63,0.01,-0.02,-0.03,-1.53
1.18,9.58,-1.64,0.02,-0.02,-0.03,-1.53
1.16,9.61,-1.63,0.01,-0.02,-0.04,-1.72
1.18,9.52,-1.60,0.02,-0.02,-0.04,-1.72
1.19,9.58,-1.63,0.02,-0.01,-0.04,-1.72
1.13,9.61,-1.58,0.02,-0.02,-0.04,-1.72
1.18,9.58,-1.59,0.01,-0.02,-0.04,-1.72
1.14,9.66,-1.64,0.02,-0.01,-0.04,-1.64
1.11,9.59,-1.69,0.02,-0.02,-0.04,-1.64
1.16,9.60,-1.58,0.01,-0.02,-0.04,-1.64
1.17,9.57,-1.56,0.01,-0.02,-0.04,-1.64
1.13,9.57,-1.61,0.01,-0.02,-0.04,-1.64
1.20,9.59,-1.67,0.02,-0.01,-0.04,-1.66
1.06,9.59,-1.66,0.02,-0.01,-0.03,-1.66
1.10,9.56,-1.61,0.02,-0.02,-0.03,-1.66
1.13,9.54,-1.61,0.01,-0.02,-0.03,-1.66
1.21,9.57,-1.57,0.01,-0.02,-0.03,-1.66
1.15,9.58,-1.58,0.01,-0.01,-0.03,-1.75
1.13,9.57,-1.65,0.01,-0.01,-0.03,-1.75
1.14,9.62,-1.63,0.01,-0.02,-0.03,-1.75
1.20,9.60,-1.58,0.01,-0.02,-0.03,-1.45
1.14,9.62,-1.58,0.02,-0.01,-0.04,-1.45
1.15,9.56,-1.69,0.02,-0.01,-0.04,-1.30
1.05,9.55,-1.62,0.01,-0.02,-0.04,-1.30
1.06,9.60,-1.68,0.01,-0.02,-0.03,-1.30
1.20,9.60,-1.62,0.02,-0.02,-0.03,-1.38
1.15,9.56,-1.58,0.02,-0.01,-0.04,-1.38
1.17,9.59,-1.61,0.02,-0.01,-0.04,-1.38
0.99,9.58,-1.67,0.01,-0.01,-0.03,-1.38
1.11,9.55,-1.71,0.01,-0.02,-0.03,-1.38
1.18,9.53,-1.65,0.01,-0.03,-0.03,-1.56
1.17,9.60,-1.64,0.02,-0.02,-0.03,-1.56
1.14,9.56,-1.65,0.02,-0.01,-0.03,-1.53
1.20,9.53,-1.65,0.02,-0.01,-0.04,-1.53
1.17,9.60,-1.54,0.02,-0.02,-0.03,-1.53
1.16,9.63,-1.67,0.02,-0.01,-0.04,-1.50
1.16,9.56,-1.62,0.02,-0.02,-0.04,-1.50
1.07,9.58,-1.61,0.02,-0.02,-0.04,-1.50
1.14,9.66,-1.66,0.02,-0.02,-0.03,-1.50
1.12,9.54,-1.64,0.02,-0.02,-0.03,-1.50
1.10,9.59,-1.68,0.01,-0.02,-0.03,-1.27
1.19,9.54,-1.71,0.02,-0.01,-0.03,-1.27
1.12,9.61,-1.67,0.02,-0.01,-0.03,-1.46
1.13,9.61,-1.69,0.02,-0.01,-0.03,-1.46
1.13,9.64,-1.64,0.01,-0.02,-0.03,-1.46
1.25,9.57,-1.69,0.01,-0.02,-0.03,-1.68
1.13,9.61,-1.65,0.02,-0.02,-0.03,-1.68
1.14,9.63,-1.64,0.02,-0.02,-0.03,-1.68
1.14,9.55,-1.65,0.01,-0.01,-0.03,-1.68
1.13,9.58,-1.71,0.02,-0.01,-0.03,-1.68
1.14,9.62,-1.69,0.01,-0.01,-0.03,-1.73
1.20,9.62,-1.66,0.01,-0.02,-0.03,-1.73
1.15,9.55,-1.70,0.01,-0.02,-0.03,-1.66
1.13,9.61,-1.59,0.01,-0.02,-0.03,-1.66
1.13,9.55,-1.67,0.01,-0.02,-0.03,-1.66
1.14,9.58,-1.50,0.01,-0.02,-0.03,-1.68
1.10,9.58,-1.63,0.01,-0.01,-0.03,-1.68
1.08,9.56,-1.65,0.01,-0.01,-0.03,-1.68
1.09,9.64,-1.62,0.01,-0.02,-0.03,-1.68
1.17,9.63,-1.70,0.01,-0.02,-0.03,-1.68
1.14,9.56,-1.72,0.01,-0.01,-0.03,-1.82
1.16,9.53,-1.63,0.01,-0.01,-0.03,-1.82
1.17,9.55,-1.65,0.01,-0.02,-0.03,-1.70
1.19,9.54,-1.65,0.01,-0.01,-0.03,-1.70
1.13,9.54,-1.70,0.01,-0.02,-0.03,-1.70
1.18,9.59,-1.67,0.01,-0.02,-0.03,-1.49
1.12,9.56,-1.62,0.01,-0.02,-0.04,-1.49
1.14,9.65,-1.66,0.01,-0.01,-0.04,-1.43
1.07,9.62,-1.63,0.01,-0.02,-0.04,-1.43
1.13,9.57,-1.68,0.02,-0.01,-0.04,-1.43
1.08,9.64,-1.59,0.01,-0.02,-0.03,-1.43
1.18,9.60,-1.68,0.01,-0.02,-0.03,-1.43
1.09,9.59,-1.72,0.02,-0.02,-0.03,-1.69
1.17,9.55,-1.77,0.02,-0.02,-0.03,-1.69
1.14,9.60,-1.61,0.02,-0.03,-0.04,-1.69
1.13,9.56,-1.54,0.01,-0.02,-0.04,-1.70
1.10,9.60,-1.67,0.01,-0.02,-0.03,-1.70
1.13,9.61,-1.68,0.02,-0.02,-0.03,-1.39
1.15,9.65,-1.57,0.02,-0.01,-0.03,-1.39
1.13,9.57,-1.63,0.01,-0.01,-0.03,-1.39
1.11,9.59,-1.68,0.01,-0.02,-0.03,-1.39
1.17,9.59,-1.69,0.01,-0.02,-0.03,-1.39
1.20,9.57,-1.61,0.01,-0.02,-0.03,-1.48
1.16,9.61,-1.67,0.02,-0.01,-0.03,-1.48
1.12,9.61,-1.53,0.01,-0.02,-0.03,-1.48
1.12,9.58,-1.61,0.01,-0.02,-0.04,-1.62
1.16,9.62,-1.64,0.02,-0.02,-0.03,-1.62
1.11,9.54,-1.65,0.02,-0.01,-0.03,-1.64
1.10,9.62,-1.64,0.02,-0.01,-0.03,-1.64
1.12,9.61,-1.63,0.01,-0.02,-0.03,-1.64
1.15,9.54,-1.60,0.02,-0.02,-0.02,-1.64
1.19,9.56,-1.55,0.01,-0.01,-0.03,-1.64
1.15,9.64,-1.64,0.02,-0.01,-0.03,-1.38
1.15,9.63,-1.66,0.02,-0.01,-0.03,-1.38
1.13,9.57,-1.63,0.02,-0.02,-0.03,-1.38
1.11,9.62,-1.63,0.02,-0.01,-0.03,-1.66
1.04,9.59,-1.73,0.02,-0.02,-0.02,-1.66
1.07,9.57,-1.60,0.01,-0.01,-0.03,-1.68
1.15,9.61,-1.60,0.02,-0.02,-0.02,-1.68
1.17,9.57,-1.67,0.01,-0.01,-0.03,-1.68
1.16,9.64,-1.74,0.01,-0.01,-0.03,-1.68
1.09,9.63,-1.67,0.01,-0.01,-0.02,-1.68
1.17,9.53,-1.64,0.01,-0.01,-0.02,-1.42
1.16,9.60,-1.62,0.02,-0.01,-0.02,-1.42
1.20,9.56,-1.69,0.01,-0.02,-0.02,-1.42
1.14,9.59,-1.71,0.02,-0.01,-0.02,-1.61
1.17,9.48,-1.66,0.01,-0.02,-0.02,-1.61
1.08,9.56,-1.54,0.01,-0.02,-0.02,-1.81
1.12,9.60,-1.68,0.01,-0.01,-0.02,-1.81
1.17,9.59,-1.69,0.01,-0.02,-0.02,-1.81
1.19,9.60,-1.63,0.01,-0.02,-0.02,-1.81
1.20,9.53,-1.59,0.01,-0.02,-0.02,-1.81
1.18,9.58,-1.67,0.01,-0.02,-0.02,-1.37
1.15,9.53,-1.59,0.01,-0.02,-0.02,-1.37
1.18,9.59,-1.58,0.01,-0.02,-0.02,-1.37
1.20,9.61,-1.62,0.01,-0.02,-0.02,-1.67
1.20,9.61,-1.64,0.01,-0.01,-0.02,-1.67
1.26,9.58,-1.68,0.02,-0.01,-0.03,-1.53
1.15,9.52,-1.58,0.01,-0.01,-0.02,-1.53
1.16,9.61,-1.70,0.01,-0.01,-0.02,-1.53
1.19,9.58,-1.71,0.01,-0.01,-0.03,-1.39
1.16,9.57,-1.59,0.02,-0.02,-0.03,-1.39
1.20,9.61,-1.66,0.01,-0.02,-0.03,-1.39
1.20,9.59,-1.67,0.01,-0.02,-0.03,-1.39
1.16,9.60,-1.66,0.01,-0.02,-0.03,-1.39
1.16,9.63,-1.65,0.01,-0.02,-0.03,-1.44
1.11,9.58,-1.61,0.01,-0.02,-0.02,-1.44
1.22,9.57,-1.66,0.02,-0.02,-0.03,-1.49
1.15,9.55,-1.72,0.01,-0.01,-0.02,-1.49
1.15,9.63,-1.70,0.01,-0.01,-0.02,-1.49
1.16,9.59,-1.58,0.02,-0.01,-0.02,-1.35
1.19,9.61,-1.67,0.01,-0.02,-0.02,-1.35
1.19,9.61,-1.71,0.02,-0.02,-0.02,-1.35
1.15,9.58,-1.67,0.02,-0.02,-0.03,-1.35
1.26,9.57,-1.65,0.01,-0.02,-0.03,-1.35
1.23,9.60,-1.70,0.02,-0.02,-0.03,-1.50
1.16,9.56,-1.62,0.02,-0.02,-0.03,-1.50
1.16,9.59,-1.51,0.02,-0.01,-0.03,-1.57
1.19,9.57,-1.70,0.02,-0.01,-0.03,-1.57
1.25,9.64,-1.61,0.02,-0.01,-0.03,-1.57
1.18,9.69,-1.64,0.02,-0.01,-0.03,-1.65
1.17,9.55,-1.66,0.02,-0.01,-0.02,-1.65
1.09,9.59,-1.64,0.01,-0.02,-0.02,-1.65
1.21,9.59,-1.66,0.01,-0.02,-0.02,-1.65
1.24,9.54,-1.59,0.01,-0.02,-0.03,-1.65
1.21,9.56,-1.53,0.02,-0.02,-0.03,-1.36
1.19,9.56,-1.60,0.02,-0.02,-0.03,-1.36
1.21,9.54,-1.64,0.02,-0.02,-0.03,-1.57
1.18,9.54,-1.61,0.02,-0.02,-0.03,-1.57
1.22,9.55,-1.66,0.02,-0.02,-0.03,-1.57
1.20,9.58,-1.65,0.01,-0.02,-0.02,-1.40
1.21,9.52,-1.62,0.01,-0.02,-0.02,-1.40
1.14,9.54,-1.62,0.02,-0.02,-0.02,-1.40
1.22,9.61,-1.58,0.02,-0.01,-0.02,-1.40
1.15,9.55,-1.69,0.02,-0.01,-0.02,-1.40
1.18,9.59,-1.69,0.01,-0.02,-0.01,-1.53
1.16,9.60,-1.67,0.01,-0.02,-0.01,-1.53
1.28,9.52,-1.72,0.01,-0.03,-0.01,-1.51
1.24,9.57,-1.73,0.01,-0.02,-0.01,-1.51
1.29,9.62,-1.68,0.01,-0.02,-0.01,-1.51
1.19,9.53,-1.59,0.01,-0.02,-0.01,-1.74
1.23,9.53,-1.61,0.01,-0.03,-0.01,-1.74
1.17,9.52,-1.69,-0.00,-0.04,-0.01,-1.74
1.30,9.50,-1.62,0.01,-0.04,-0.02,-1.74
1.41,9.58,-1.60,0.02,-0.01,-0.03,-1.74
1.19,9.58,-1.68,0.02,0.01,-0.03,-1.81
1.16,9.63,-1.65,0.02,0.00,-0.02,-1.81
1.19,9.56,-1.75,0.01,-0.02,-0.01,-1.14
1.25,9.59,-1.66,0.01,-0.03,-0.01,-1.14
1.31,9.56,-1.63,0.01,-0.02,-0.01,-1.14
1.22,9.60,-1.64,0.01,-0.02,-0.01,-1.46
1.29,9.55,-1.70,0.01,-0.01,-0.01,-1.46
1.27,9.55,-1.63,0.01,-0.02,-0.01,-1.17
1.26,9.59,-1.63,0.01,-0.02,-0.01,-1.17
1.28,9.58,-1.62,0.01,-0.02,-0.02,-1.17
1.33,9.58,-1.64,0.01,-0.02,-0.02,-1.17
1.31,9.56,-1.64,0.01,-0.02,-0.02,-1.17
1.30,9.52,-1.53,0.01,-0.02,-0.03,-1.52
1.35,9.54,-1.59,0.01,-0.02,-0.04,-1.52
1.36,9.50,-1.74,0.02,-0.01,-0.04,-1.52
1.21,9.58,-1.69,0.02,-0.00,-0.04,-1.65
1.24,9.61,-1.66,0.02,-0.01,-0.04,-1.65
1.33,9.58,-1.66,0.02,-0.01,-0.04,-1.86
1.31,9.53,-1.67,0.03,-0.00,-0.04,-1.86
1.27,9.58,-1.66,0.02,0.01,-0.04,-1.86
1.25,9.66,-1.79,0.02,0.00,-0.05,-1.86
1.13,9.60,-1.58,0.01,-0.00,-0.03,-1.86
1.24,9.52,-1.60,0.01,-0.01,-0.03,-1.86
1.27,9.58,-1.66,0.01,-0.01,-0.03,-1.86
1.26,9.58,-1.61,0.01,-0.00,-0.03,-1.86
1.33,9.60,-1.59,0.02,0.01,-0.03,-1.74
1.24,9.60,-1.60,0.01,0.00,-0.03,-1.74
1.32,9.53,-1.56,0.02,-0.01,-0.03,-1.43
1.24,9.56,-1.67,0.01,-0.00,-0.03,-1.43
1.31,9.56,-1.64,0.01,-0.01,-0.03,-1.43
1.31,9.59,-1.63,0.01,-0.01,-0.03,-1.43
1.31,9.58,-1.64,0.01,-0.01,-0.02,-1.43
1.24,9.54,-1.48,0.01,-0.01,-0.03,-1.50
1.31,9.56,-1.60,0.01,-0.01,-0.03,-1.50
1.29,9.58,-1.72,0.01,-0.01,-0.03,-1.50
1.39,9.56,-1.66,0.02,-0.01,-0.03,-2.00
1.25,9.57,-1.59,0.02,0.00,-0.03,-2.00
1.27,9.62,-1.70,0.01,-0.02,-0.03,-1.84
1.33,9.52,-1.62,0.02,-0.03,-0.03,-1.84
1.31,9.54,-1.58,0.02,-0.03,-0.04,-1.84
1.26,9.55,-1.55,0.02,-0.03,-0.03,-1.84
1.34,9.54,-1.61,0.03,-0.02,-0.04,-1.84
1.27,9.52,-1.61,0.02,-0.00,-0.04,-1.86
1.18,9.57,-1.65,0.02,-0.02,-0.03,-1.86
1.25,9.53,-1.74,0.01,-0.03,-0.03,-1.86
1.27,9.55,-1.60,0.01,-0.04,-0.03,-1.76
1.27,9.49,-1.68,0.01,-0.03,-0.03,-1.76
1.23,9.58,-1.51,0.01,-0.01,-0.03,-1.65
1.24,9.56,-1.63,0.01,-0.02,-0.03,-1.65
1.24,9.60,-1.61,0.01,-0.02,-0.02,-1.65
1.28,9.58,-1.67,0.01,-0.03,-0.02,-1.52
1.36,9.56,-1.57,0.01,-0.02,-0.03,-1.52
1.36,9.56,-1.74,0.01,-0.02,-0.03,-1.48
1.24,9.58,-1.59,0.01,-0.02,-0.03,-1.48
1.34,9.54,-1.61,0.01,-0.03,-0.03,-1.48
1.35,9.55,-1.63,0.01,-0.02,-0.03,-1.59
1.35,9.56,-1.62,0.01,-0.03,-0.03,-1.59
1.37,9.57,-1.55,0.01,-0.03,-0.03,-1.89
1.31,9.60,-1.70,0.01,-0.03,-0.04,-1.89
1.35,9.55,-1.66,0.01,-0.04,-0.04,-1.89
1.39,9.60,-1.59,0.02,-0.02,-0.04,-1.82
1.31,9.62,-1.64,0.03,0.01,-0.05,-1.82
1.16,9.64,-1.65,0.03,0.00,-0.05,-1.82
1.15,9.55,-1.62,0.02,-0.00,-0.04,-1.82
1.26,9.52,-1.66,0.02,-0.01,-0.04,-1.82
1.32,9.60,-1.55,0.02,-0.02,-0.03,-1.51
1.20,9.55,-1.58,0.02,-0.00,-0.04,-1.51
1.22,9.60,-1.60,0.01,-0.00,-0.03,-1.64
1.25,9.60,-1.73,0.02,-0.00,-0.03,-1.64
1.27,9.50,-1.53,0.02,-0.01,-0.03,-1.64
1.24,9.54,-1.63,0.02,-0.01,-0.04,-1.62
1.30,9.57,-1.71,0.02,-0.01,-0.04,-1.62
1.25,9.57,-1.59,0.02,-0.01,-0.04,-1.62
1.21,9.55,-1.65,0.02,-0.01,-0.03,-1.62
1.27,9.62,-1.65,0.02,-0.02,-0.03,-1.62
1.27,9.57,-1.70,0.02,-0.02,-0.03,-1.44
1.29,9.56,-1.63,0.02,-0.02,-0.03,-1.44
1.28,9.58,-1.68,0.02,-0.02,-0.03,-1.74
1.22,9.60,-1.72,0.01,-0.02,-0.02,-1.74
1.36,9.54,-1.64,0.02,-0.02,-0.02,-1.74
1.28,9.55,-1.61,0.02,-0.01,-0.03,-1.48
1.28,9.63,-1.72,0.02,-0.00,-0.03,-1.48
1.23,9.53,-1.68,0.02,-0.01,-0.03,-1.48
1.25,9.66,-1.71,0.02,-0.02,-0.03,-1.48
1.27,9.58,-1.74,0.02,-0.02,-0.02,-1.48
1.35,9.62,-1.68,0.01,-0.02,-0.03,-1.56
1.33,9.49,-1.71,0.01,-0.01,-0.03,-1.56
1.30,9.60,-1.65,0.02,-0.01,-0.03,-1.68
1.26,9.62,-1.70,0.01,-0.01,-0.02,-1.68
1.33,9.62,-1.66,0.02,-0.01,-0.03,-1.68
1.24,9.64,-1.57,0.01,-0.02,-0.03,-1.51
1.34,9.53,-1.63,0.00,-0.02,-0.03,-1.51
1.31,9.58,-1.67,0.01,-0.02,-0.03,-1.51
1.29,9.57,-1.69,0.01,-0.02,-0.03,-1.51
1.25,9.55,-1.55,0.01,-0.02,-0.03,-1.51
1.28,9.60,-1.72,0.01,-0.02,-0.02,-1.57
1.32,9.57,-1.65,0.01,-0.02,-0.02,-1.57
1.31,9.60,-1.56,0.02,-0.01,-0.03,-1.72
1.27,9.62,-1.63,0.01,-0.01,-0.02,-1.72
1.28,9.59,-1.69,0.01,-0.01,-0.02,-1.72
1.24,9.57,-1.67,0.01,-0.02,-0.02,-1.87
1.31,9.58,-1.65,0.01,-0.03,-0.02,-1.87
1.30,9.57,-1.62,0.01,-0.02,-0.02,-1.59
1.34,9.57,-1.62,0.01,-0.01,-0.03,-1.59
1.25,9.54,-1.61,0.01,-0.02,-0.03,-1.59
1.26,9.61,-1.63,0.01,-0.02,-0.03,-1.59
1.31,9.55,-1.70,0.01,-0.02,-0.03,-1.59
1.26,9.56,-1.60,0.01,-0.02,-0.03,-1.64
1.38,9.58,-1.69,0.01,-0.02,-0.03,-1.64
1.33,9.54,-1.59,0.01,-0.02,-0.03,-1.64
1.31,9.61,-1.65,0.02,-0.01,-0.03,-2.05
1.32,9.56,-1.55,0.02,-0.02,-0.03,-2.05
1.31,9.52,-1.53,0.01,-0.02,-0.03,-1.97
1.30,9.53,-1.65,0.01,-0.02,-0.03,-1.97
1.30,9.54,-1.56,0.01,-0.02,-0.03,-1.97
1.30,9.56,-1.71,0.02,-0.02,-0.04,-1.97
1.32,9.56,-1.68,0.02,-0.01,-0.03,-1.97
1.29,9.56,-1.67,0.01,-0.01,-0.03,-1.72
1.23,9.58,-1.69,0.02,-0.02,-0.03,-1.72
1.26,9.56,-1.74,0.02,-0.02,-0.02,-1.72
1.36,9.56,-1.71,0.02,-0.02,-0.03,-1.70
1.23,9.58,-1.72,0.01,-0.01,-0.03,-1.70
1.29,9.59,-1.57,0.02,-0.02,-0.03,-1.83
1.31,9.59,-1.55,0.01,-0.01,-0.03,-1.83
1.25,9.59,-1.59,0.01,-0.01,-0.02,-1.83
1.25,9.52,-1.55,0.02,-0.01,-0.03,-1.83
1.29,9.58,-1.61,0.02,-0.01,-0.03,-1.83
1.31,9.55,-1.79,0.01,-0.02,-0.03,-1.78
1.29,9.61,-1.72,0.01,-0.01,-0.03,-1.78
1.30,9.59,-1.68,0.01,-0.02,-0.03,-1.78
1.25,9.55,-1.66,0.02,-0.02,-0.02,-1.63
1.25,9.62,-1.69,0.02,-0.02,-0.03,-1.63
1.33,9.58,-1.61,0.02,-0.02,-0.03,-1.76
1.36,9.56,-1.55,0.01,-0.02,-0.03,-1.76
1.37,9.57,-1.61,0.02,-0.02,-0.03,-1.76
1.31,9.58,-1.54,0.01,-0.02,-0.03,-1.76
1.26,9.59,-1.57,0.01,-0.02,-0.03,-1.76
1.32,9.56,-1.60,0.02,-0.02,-0.03,-1.91
1.24,9.57,-1.70,0.02,-0.01,-0.04,-1.91
1.25,9.63,-1.64,0.02,-0.02,-0.03,-1.91
1.22,9.56,-1.63,0.01,-0.02,-0.03,-1.55
1.33,9.56,-1.66,0.01,-0.02,-0.02,-1.55
1.32,9.62,-1.70,0.01,-0.02,-0.03,-1.93
1.30,9.54,-1.70,0.02,-0.02,-0.03,-1.93
1.31,9.61,-1.71,0.02,-0.01,-0.03,-1.93
1.28,9.55,-1.80,0.02,-0.01,-0.03,-1.93
1.32,9.57,-1.63,0.01,-0.03,-0.03,-1.93
1.29,9.53,-1.68,0.01,-0.03,-0.03,-1.78
1.34,9.56,-1.65,0.01,-0.03,-0.03,-1.78
1.42,9.56,-1.61,0.02,-0.02,-0.03,-1.78
1.30,9.57,-1.72,0.02,-0.01,-0.03,-1.69
1.26,9.53,-1.63,0.02,-0.02,-0.03,-1.69
1.27,9.55,-1.64,0.02,-0.02,-0.03,-1.33
1.24,9.63,-1.63,0.02,-0.01,-0.03,-1.33
1.26,9.60,-1.66,0.02,-0.02,-0.03,-1.33
1.34,9.49,-1.58,0.01,-0.02,-0.03,-1.92
