-0.21,9.66,-3.78,-0.12,-0.47,-1.06,-0.98
0.69,9.79,-3.86,-0.13,-0.56,-1.21,-0.98
0.09,10.14,-4.05,-0.20,-0.57,-1.40,-0.98
-0.42,10.64,-3.98,-0.28,-0.63,-1.51,-0.98
-0.77,11.10,-3.13,-0.33,-0.69,-1.62,-0.98
-0.63,11.73,-3.42,-0.38,-0.62,-1.75,-0.95
-0.85,12.43,-3.61,-0.41,-0.59,-1.87,-0.95
-0.77,12.83,-3.25,-0.41,-0.72,-2.02,-1.18
-1.11,13.88,-3.51,-0.41,-0.93,-2.11,-1.18
2.20,15.26,-4.02,-0.43,-1.30,-2.20,-1.18
5.27,13.22,-4.66,-0.10,-1.47,-2.65,-1.18
0.79,15.06,-5.08,-0.12,-1.64,-2.67,-1.18
0.48,10.67,-5.16,-0.24,-1.40,-2.78,-1.10
-1.67,10.30,-3.08,-0.10,-0.29,-3.10,-1.10
-8.23,7.85,-5.68,0.42,0.46,-2.78,-1.10
-3.80,7.16,-4.04,0.11,0.06,-1.34,-1.29
0.14,5.83,-1.65,-0.16,-0.32,-0.52,-1.29
-0.21,2.48,-1.40,0.05,0.13,0.04,-1.14
0.71,3.72,-2.90,0.19,0.78,0.85,-1.14
0.83,2.85,-1.98,0.24,1.17,1.41,-1.14
-1.26,3.21,-1.75,0.33,1.16,1.91,-1.14
-2.00,3.63,-2.27,0.38,1.05,2.68,-1.14
-1.42,4.94,-1.83,0.24,0.72,3.51,-1.18
-2.08,6.23,-1.43,0.14,0.30,4.13,-1.18
-1.76,7.51,-1.13,0.13,-0.05,4.37,-1.18
-0.36,9.32,-1.36,0.08,-0.11,4.37,-1.60
-0.66,11.40,-1.10,-0.04,0.11,4.37,-1.60
-0.61,14.09,-1.39,-0.22,0.32,4.37,-1.39
0.08,15.51,-1.65,-0.35,0.56,4.37,-1.39
0.96,16.18,-1.75,-0.38,0.93,4.37,-1.39
0.91,17.26,-2.46,-0.31,1.37,4.37,-1.39
-0.29,16.68,-2.39,-0.23,1.62,4.37,-1.39
-4.19,15.41,-1.20,-0.28,1.64,3.67,-1.32
-3.30,11.80,-1.08,-0.37,1.82,2.79,-1.32
-5.74,8.12,-2.94,-0.22,1.91,1.10,-1.32
-10.64,6.02,-3.30,0.18,1.37,-0.61,-1.10
-8.32,7.97,-4.75,0.49,0.62,-1.92,-1.10
-5.89,9.78,-5.83,0.61,0.35,-2.81,-0.77
5.33,12.61,-5.49,0.50,-0.03,-1.80,-0.77
17.59,9.98,3.36,-0.10,-1.15,-0.91,-0.77
-1.11,15.56,3.85,0.28,0.11,-2.47,-0.77
-7.95,10.95,-1.20,0.85,-0.64,-2.23,-0.77
-1.87,10.36,-8.28,1.10,-0.64,-2.02,-0.77
3.91,9.33,-3.93,0.78,-0.23,-1.95,-0.77
-0.64,7.47,-4.52,0.76,0.55,-1.91,-0.77
-1.03,9.79,-3.34,0.61,0.23,-1.56,-0.87
-0.40,9.98,-3.74,0.55,-0.20,-1.50,-0.87
-0.18,9.24,-4.02,0.39,-0.22,-1.26,-1.09
-0.54,9.42,-2.70,0.36,-0.36,-1.12,-1.09
-0.22,9.90,-3.58,0.31,-0.31,-0.98,-1.09
0.17,9.59,-3.35,0.31,-0.08,-0.88,-1.09
0.00,9.41,-4.09,0.23,0.06,-0.80,-1.09
-1.40,9.44,-3.94,0.11,-0.14,-0.64,-0.96
-1.54,9.50,-3.45,0.06,-0.45,-0.46,-0.96
-1.24,9.56,-3.47,0.00,-0.80,-0.31,-0.96
0.40,9.37,-3.96,-0.03,-0.90,-0.26,-0.68
1.15,9.18,-3.88,-0.06,-0.89,-0.30,-0.68
1.04,9.15,-3.40,-0.08,-0.88,-0.41,-1.03
0.16,9.51,-2.74,-0.11,-0.79,-0.52,-1.03
0.17,9.64,-2.86,-0.08,-0.68,-0.57,-1.03
-0.06,9.90,-3.01,-0.07,-0.54,-0.63,-1.13
-0.35,9.98,-3.19,-0.11,-0.54,-0.68,-1.13
-0.36,10.25,-3.13,-0.17,-0.62,-0.76,-1.13
0.37,10.64,-2.88,-0.20,-0.66,-0.86,-1.13
0.04,10.58,-2.49,-0.22,-0.73,-1.03,-1.13
1.57,11.09,-2.53,-0.23,-0.74,-1.27,-0.97
1.80,11.52,-2.31,-0.24,-0.55,-1.60,-0.97
1.66,11.79,-2.16,-0.25,-0.44,-1.97,-0.77
1.95,11.51,-2.33,-0.29,-0.37,-2.29,-0.77
3.11,12.22,-3.10,-0.33,-0.22,-2.63,-0.77
3.89,12.97,-3.79,-0.32,-0.08,-2.98,-1.02
1.70,14.52,-3.89,-0.19,-0.45,-3.16,-1.02
-1.07,16.68,-5.27,-0.09,-1.56,-2.94,-1.02
3.91,15.44,-3.70,0.23,-2.69,-2.99,-1.02
3.39,13.06,-7.55,0.27,-1.56,-3.66,-1.02
-0.05,14.11,-5.13,0.07,-0.23,-3.75,-1.11
-8.57,10.56,-6.05,0.54,0.23,-3.93,-1.11
-6.65,9.87,-5.72,0.19,-0.08,-2.22,-1.25
1.76,5.76,-1.54,-0.13,-0.34,-1.03,-1.25
-0.16,4.62,-3.66,0.03,0.23,-0.85,-1.25
1.28,2.96,-2.84,-0.04,1.28,0.45,-1.12
0.42,1.25,-1.48,0.00,1.78,1.08,-1.12
-2.54,1.46,-1.45,0.00,1.71,1.81,-1.12
-3.70,1.97,-1.33,-0.10,1.43,2.72,-1.12
-3.22,1.94,-1.05,-0.21,0.91,3.64,-1.12
-2.33,3.11,-0.87,-0.23,0.49,4.37,-1.10
-2.65,4.90,-0.56,-0.25,0.09,4.37,-1.10
-2.55,6.76,-0.47,-0.21,-0.31,4.37,-1.17
-1.14,8.39,-0.60,-0.19,-0.37,4.37,-1.17
-0.61,11.60,-0.59,-0.19,-0.00,4.37,-1.17
-0.50,15.81,-1.61,-0.12,0.63,4.37,-1.10
0.06,19.26,-3.13,-0.11,1.40,4.37,-1.10
-0.69,19.61,-4.81,-0.09,2.11,4.37,-1.10
-3.60,19.61,-4.44,-0.25,2.22,4.37,-1.10
-3.89,16.19,-1.55,-0.14,2.33,3.83,-1.10
-11.60,10.65,-4.04,0.08,2.40,1.86,-1.09
-16.28,4.47,-4.35,0.21,1.58,-0.18,-1.09
-14.11,8.14,-4.38,0.65,0.74,-2.17,-1.15
-9.05,11.04,-6.12,0.87,0.14,-3.26,-1.15
11.68,17.79,-5.19,0.06,-0.34,-1.54,-1.15
19.61,8.52,1.13,0.02,-1.24,-1.09,-1.19
-5.49,13.31,-0.74,0.91,1.02,-3.04,-1.19
-10.89,10.94,-11.88,1.73,0.95,-2.76,-1.01
0.02,13.37,-1.66,1.01,0.15,-2.32,-1.01
1.40,5.43,-6.83,1.07,0.59,-2.34,-1.01
-6.65,10.57,-3.10,0.62,0.25,-1.63,-1.05
-2.81,10.31,-3.99,0.55,-0.76,-1.06,-1.05
0.46,9.53,-3.84,0.32,-0.79,-0.83,-1.08
0.07,9.76,-3.36,0.38,-0.72,-0.70,-1.08
0.28,9.96,-3.74,0.34,-0.52,-0.56,-1.08
0.86,9.88,-3.70,0.29,-0.13,-0.50,-1.10
0.33,9.24,-4.68,0.16,-0.14,-0.45,-1.10
0.07,9.27,-3.85,0.03,-0.40,-0.33,-1.12
-0.74,9.40,-3.22,0.01,-0.66,-0.22,-1.12
0.74,9.36,-3.27,0.04,-1.04,-0.18,-1.12
2.05,9.19,-3.85,0.01,-1.03,-0.27,-1.12
2.65,8.89,-3.91,0.00,-0.90,-0.47,-1.12
1.32,9.22,-3.49,-0.02,-0.74,-0.66,-0.83
1.12,9.52,-2.97,-0.02,-0.58,-0.78,-0.83
0.18,9.80,-2.94,-0.01,-0.43,-0.85,-0.83
-0.73,10.02,-3.20,-0.04,-0.49,-0.85,-0.90
-0.33,10.00,-3.26,-0.08,-0.60,-0.84,-0.90
0.25,9.63,-3.08,-0.12,-0.65,-0.92,-0.99
0.75,10.01,-3.08,-0.12,-0.65,-1.05,-0.99
1.00,10.84,-2.66,-0.13,-0.60,-1.23,-0.99
1.18,11.20,-2.67,-0.14,-0.53,-1.45,-0.99
1.00,11.09,-2.38,-0.14,-0.49,-1.69,-0.99
0.90,10.90,-2.91,-0.15,-0.42,-1.93,-1.12
1.16,10.77,-3.14,-0.22,-0.39,-2.16,-1.12
1.60,11.03,-3.63,-0.24,-0.37,-2.35,-1.12
2.18,11.66,-3.56,-0.25,-0.39,-2.58,-0.91
2.42,12.93,-3.24,-0.17,-0.57,-2.75,-0.91
0.86,14.61,-3.47,-0.08,-1.25,-2.79,-0.92
1.87,16.85,-2.99,0.14,-2.38,-2.60,-0.92
3.65,12.76,-6.47,0.41,-2.66,-3.23,-0.92
0.34,14.62,-6.34,0.41,-1.02,-3.50,-0.92
-2.47,13.37,-4.10,0.18,-0.65,-3.31,-0.92
-7.19,10.45,-3.76,0.50,-0.48,-3.27,-1.17
-6.94,9.05,-5.56,0.38,-0.57,-2.26,-1.17
-1.72,4.64,-2.79,-0.02,-0.61,-0.79,-1.17
-1.23,3.83,-3.85,0.02,-0.00,-0.35,-1.13
1.44,2.59,-1.78,-0.07,1.08,1.00,-1.13
0.90,0.81,-0.39,0.08,1.54,1.59,-1.33
-1.63,1.19,-0.73,0.20,1.60,2.09,-1.33
-2.52,2.43,-1.22,0.19,1.46,2.91,-1.33
-1.93,3.65,-0.90,0.03,1.09,3.75,-1.33
-2.09,4.91,-0.46,-0.08,0.68,4.37,-1.33
-2.39,6.73,0.17,-0.15,0.41,4.37,-1.50
-1.00,7.84,0.16,-0.23,0.24,4.37,-1.50
-0.15,10.16,-0.28,-0.30,0.40,4.37,-1.50
-0.92,14.14,-0.43,-0.48,0.82,4.37,-1.38
-1.18,17.78,-2.26,-0.70,1.42,4.37,-1.38
-1.09,19.56,-3.16,-0.68,1.96,4.37,-1.53
-4.62,19.61,-5.54,-0.74,2.22,4.37,-1.53
-6.01,18.38,-4.74,-0.64,1.92,4.37,-1.53
-6.58,11.98,-4.35,-0.01,2.14,2.79,-1.53
-16.82,8.05,-5.31,0.11,1.76,0.61,-1.53
-17.42,5.29,-5.06,0.39,1.00,-1.32,-1.53
-11.12,10.32,-6.80,0.75,0.48,-2.78,-1.53
15.58,19.61,1.58,-0.52,-0.53,-0.67,-1.53
16.53,10.91,0.94,0.02,-0.53,-2.07,-1.22
-8.83,11.40,-1.90,1.18,0.49,-2.77,-1.22
-8.14,14.93,-8.26,1.36,-0.13,-2.51,-1.26
2.77,9.57,-1.81,1.05,-0.47,-2.16,-1.26
1.07,7.12,-5.61,0.93,0.50,-2.39,-1.26
-6.77,10.55,-2.04,0.65,0.08,-1.64,-1.30
-0.37,9.96,-5.54,0.53,-0.74,-1.13,-1.30
0.62,9.71,-2.73,0.45,-0.63,-0.99,-1.30
0.05,9.95,-3.39,0.41,-0.46,-0.87,-1.30
-0.23,10.57,-3.51,0.36,-0.44,-0.76,-1.30
0.74,9.49,-4.83,0.21,-0.51,-0.63,-1.19
0.21,9.49,-4.86,0.06,-0.55,-0.54,-1.19
0.23,9.46,-3.33,0.01,-0.75,-0.44,-1.30
0.13,9.63,-3.05,0.01,-0.80,-0.45,-1.30
0.45,9.61,-3.22,0.00,-0.85,-0.44,-1.30
1.22,9.43,-3.92,-0.04,-0.75,-0.50,-1.31
0.44,9.39,-3.45,-0.08,-0.72,-0.57,-1.31
0.36,9.21,-3.22,-0.11,-0.72,-0.62,-1.31
0.33,9.29,-3.30,-0.14,-0.64,-0.67,-1.31
-0.10,9.32,-3.36,-0.18,-0.51,-0.73,-1.31
-0.83,9.58,-3.22,-0.21,-0.46,-0.75,-1.21
-0.55,9.83,-3.30,-0.27,-0.53,-0.76,-1.21
-0.03,9.82,-2.97,-0.30,-0.59,-0.82,-1.25
0.48,9.75,-2.67,-0.29,-0.63,-0.95,-1.25
1.15,10.39,-2.47,-0.30,-0.55,-1.17,-1.25
1.36,10.83,-2.12,-0.28,-0.41,-1.44,-1.29
1.42,11.14,-2.09,-0.28,-0.28,-1.70,-1.29
1.49,10.75,-2.08,-0.30,-0.21,-2.00,-1.29
2.17,11.43,-2.76,-0.32,-0.11,-2.29,-1.29
3.52,13.51,-3.84,-0.38,0.06,-2.60,-1.29
2.19,13.15,-3.44,-0.34,-0.12,-2.86,-1.02
2.91,14.11,-3.85,-0.27,-0.60,-2.98,-1.02
0.43,15.65,-4.83,-0.07,-1.54,-2.84,-1.21
3.19,14.20,-4.30,0.37,-2.11,-3.13,-1.21
1.23,14.22,-7.12,0.34,-1.13,-3.67,-1.21
-1.67,14.58,-4.44,0.22,-0.43,-3.51,-1.57
-8.02,10.75,-4.94,0.53,-0.26,-3.57,-1.57
-5.92,9.52,-6.36,0.20,-0.45,-2.13,-1.57
0.06,5.01,-1.93,-0.14,-0.45,-0.82,-1.57
-0.35,4.37,-3.11,-0.02,0.01,-0.54,-1.57
1.34,2.69,-1.98,-0.02,1.08,0.67,-1.35
0.43,1.19,-1.29,0.03,1.58,1.30,-1.35
-2.60,1.27,-1.24,0.04,1.61,1.99,-1.49
-3.97,1.89,-1.38,-0.05,1.36,2.82,-1.49
-2.63,2.98,-1.69,-0.25,1.04,3.79,-1.49
-1.20,3.05,-1.82,-0.26,1.05,4.36,-1.64
-2.58,5.12,-1.67,-0.21,1.13,4.37,-1.64
-3.69,7.44,-2.40,-0.26,0.96,4.37,-1.42
-2.74,8.54,-2.79,-0.29,0.90,4.37,-1.42
-2.56,11.87,-2.94,-0.18,1.05,4.37,-1.42
-2.15,13.10,-4.08,-0.23,1.19,4.37,-1.42
-2.31,16.79,-5.28,-0.29,1.16,4.37,-1.42
-4.03,18.20,-5.45,-0.34,1.03,4.37,-1.28
-3.13,18.45,-4.00,-0.34,0.68,4.37,-1.28
-1.30,14.68,-2.30,-0.22,0.64,4.16,-1.28
-5.65,12.74,-2.98,-0.01,0.96,2.74,-1.39
-8.79,6.63,-2.21,0.22,0.81,1.16,-1.39
-8.92,7.88,-1.91,0.51,0.80,-0.86,-1.11
-7.95,9.63,-2.96,0.74,0.49,-2.24,-1.11
-6.25,10.27,-3.57,0.78,0.27,-3.01,-1.11
2.91,13.42,-2.99,0.68,0.24,-2.56,-1.11
19.61,16.52,18.60,-0.59,-0.75,-0.19,-1.11
2.90,11.72,2.48,0.61,2.08,-3.06,-1.08
-16.12,10.96,-10.63,1.50,2.00,-2.92,-1.08
-3.26,15.78,-1.54,1.16,0.59,-2.29,-1.08
5.08,3.54,-6.78,1.05,0.20,-2.23,-1.09
-7.57,9.97,-2.19,0.64,0.11,-1.68,-1.09
-2.57,10.45,-5.11,0.47,-1.09,-1.04,-1.10
1.45,9.75,-3.02,0.44,-1.08,-0.88,-1.10
0.92,9.23,-3.93,0.45,-0.85,-0.87,-1.10
1.35,9.95,-3.51,0.39,-0.31,-0.87,-1.10
-0.23,9.75,-5.37,0.32,-0.04,-0.81,-1.10
-0.55,9.23,-5.09,0.11,-0.21,-0.56,-1.06
-0.88,9.15,-4.02,0.05,-0.35,-0.41,-1.06
-0.85,9.06,-3.36,0.05,-0.62,-0.26,-1.06
-0.24,9.41,-3.67,0.06,-0.88,-0.19,-1.04
1.32,9.14,-4.32,0.04,-0.90,-0.22,-1.04
1.36,9.07,-4.59,-0.02,-0.78,-0.34,-1.25
0.64,9.03,-4.09,-0.07,-0.80,-0.40,-1.25
0.54,9.27,-4.02,-0.10,-0.87,-0.47,-1.25
0.78,9.29,-3.67,-0.11,-0.84,-0.55,-1.25
0.42,9.50,-3.41,-0.11,-0.73,-0.66,-1.25
0.51,9.66,-3.38,-0.12,-0.68,-0.77,-1.04
-0.00,9.58,-3.52,-0.13,-0.68,-0.87,-1.04
-0.26,9.76,-3.30,-0.13,-0.73,-0.94,-1.04
0.59,10.18,-2.79,-0.12,-0.73,-1.06,-1.11
1.07,10.66,-2.77,-0.11,-0.59,-1.29,-1.11
0.91,10.72,-2.59,-0.08,-0.48,-1.53,-0.92
0.72,10.70,-2.77,-0.06,-0.41,-1.75,-0.92
0.83,10.84,-3.03,-0.07,-0.43,-1.96,-0.92
1.48,11.26,-3.27,-0.11,-0.43,-2.21,-1.11
2.77,12.42,-3.90,-0.10,-0.37,-2.48,-1.11
2.23,13.17,-3.41,-0.04,-0.54,-2.71,-1.19
1.90,13.97,-3.08,0.10,-1.07,-2.75,-1.19
-1.69,16.18,-6.44,0.27,-2.27,-2.56,-1.19
1.78,12.52,-5.62,0.74,-3.49,-2.80,-0.95
1.30,14.80,-7.23,0.79,-2.04,-3.07,-0.95
-2.55,13.12,-5.30,0.48,-1.64,-3.15,-1.34
-3.69,12.44,-1.88,0.31,-1.61,-2.79,-1.34
-4.92,9.64,-4.08,0.61,-1.48,-2.31,-1.34
-2.43,5.66,-5.83,0.34,-1.19,-1.23,-1.17
-2.92,1.96,-2.85,0.18,-0.57,-0.52,-1.17
-0.43,3.67,-3.24,-0.01,0.63,0.62,-1.17
1.74,1.69,-1.17,0.11,1.48,1.54,-1.17
0.99,0.81,0.00,0.23,1.84,2.05,-1.17
-0.84,1.28,0.01,0.37,1.94,2.61,-1.21
-1.53,3.06,-1.55,0.35,1.82,3.26,-1.21
-2.10,4.99,-1.19,0.07,1.53,4.15,-1.29
-3.17,6.52,0.03,-0.20,0.95,4.37,-1.29
-2.41,7.74,-0.10,-0.32,0.45,4.37,-1.29
-0.62,9.23,-0.95,-0.47,0.34,4.37,-1.35
-0.54,12.73,-1.07,-0.64,0.60,4.37,-1.35
-1.30,17.23,-2.07,-0.80,1.12,4.37,-1.35
-1.01,19.51,-3.10,-0.85,1.44,4.37,-1.35
-3.04,19.61,-4.65,-0.71,1.77,4.37,-1.35
-5.06,19.36,-4.73,-0.54,1.84,4.37,-1.26
-6.38,13.76,-3.32,-0.07,2.11,3.26,-1.26
-15.02,9.40,-4.43,0.10,1.93,0.86,-1.02
-16.58,5.36,-4.73,0.21,1.59,-0.91,-1.02
-13.78,8.96,-6.12,0.65,0.90,-2.71,-1.02
2.46,17.60,-5.78,0.26,0.08,-2.25,-1.10
19.61,8.33,7.35,0.06,-1.86,-0.31,-1.10
-3.26,13.66,2.98,0.63,0.21,-2.79,-1.10
-8.69,8.27,-9.16,1.53,0.33,-2.35,-1.10
-2.06,15.02,-6.32,1.20,-0.15,-2.46,-1.10
2.96,4.18,-5.34,1.03,-0.18,-2.08,-0.94
-5.08,10.08,-3.21,0.64,0.05,-1.85,-0.94
-1.66,10.03,-4.12,0.64,-0.52,-1.28,-1.05
-0.01,10.06,-4.14,0.39,-0.62,-1.10,-1.05
-0.18,9.47,-3.06,0.45,-0.54,-0.92,-1.05
0.17,10.08,-3.56,0.37,-0.35,-0.79,-1.11
-0.28,10.08,-4.42,0.28,-0.15,-0.68,-1.11
-0.26,9.48,-4.64,0.12,-0.40,-0.50,-1.11
0.06,9.22,-4.42,0.04,-0.49,-0.41,-1.11
-0.19,9.22,-3.28,0.03,-0.69,-0.33,-1.11
0.76,9.13,-3.67,0.04,-0.84,-0.35,-1.04
1.11,9.36,-3.89,0.01,-0.88,-0.41,-1.04
1.22,9.14,-3.67,-0.02,-0.82,-0.52,-0.79
1.03,9.22,-3.33,-0.04,-0.77,-0.63,-0.79
0.79,9.45,-2.97,-0.05,-0.68,-0.75,-0.79
0.18,9.57,-3.28,-0.06,-0.58,-0.84,-1.10
-0.40,9.84,-3.34,-0.09,-0.54,-0.88,-1.10
-0.29,10.16,-3.35,-0.12,-0.58,-0.91,-1.18
0.08,10.07,-3.09,-0.17,-0.64,-0.99,-1.18
0.77,10.02,-3.04,-0.18,-0.69,-1.15,-1.18
1.22,10.63,-2.41,-0.17,-0.66,-1.36,-1.18
0.46,11.56,-2.38,-0.21,-0.55,-1.57,-1.18
0.96,11.60,-2.51,-0.24,-0.51,-1.76,-1.09
0.73,11.34,-2.54,-0.25,-0.42,-1.94,-1.09
1.27,11.05,-2.86,-0.30,-0.41,-2.15,-1.09
2.90,11.87,-3.31,-0.31,-0.40,-2.39,-1.23
3.07,12.80,-3.32,-0.29,-0.46,-2.66,-1.23
2.21,14.55,-3.23,-0.21,-1.07,-2.73,-1.20
2.43,18.56,-3.64,-0.12,-2.32,-2.55,-1.20
4.65,12.17,-6.17,0.39,-2.86,-3.24,-1.20
0.61,14.55,-8.29,0.59,-0.87,-3.59,-1.20
-2.82,14.25,-4.50,0.05,-0.78,-3.53,-1.20
-7.97,10.66,-4.68,0.48,-0.38,-3.51,-1.57
-5.94,9.59,-7.71,0.36,-0.46,-2.32,-1.57
0.99,4.22,-3.07,-0.14,-0.24,-0.87,-1.57
-0.26,4.50,-3.91,-0.13,0.48,-0.67,-1.34
0.33,3.10,-2.21,-0.21,1.56,0.71,-1.34
-0.26,0.95,-0.91,-0.24,1.87,1.46,-1.58
-2.89,0.82,-0.73,-0.23,1.65,2.05,-1.58