0.80,8.94,-3.99,0.04,0.07,-0.01,-0.70
0.75,9.03,-4.06,0.03,0.06,-0.00,-0.70
0.79,8.97,-4.07,0.02,0.03,0.01,-0.70
0.92,9.06,-4.13,0.00,0.00,0.01,-0.70
0.97,8.96,-4.11,-0.01,-0.01,0.01,-1.06
0.87,8.99,-4.02,-0.01,-0.02,0.00,-1.06
1.07,9.00,-3.96,-0.01,-0.02,-0.01,-1.06
1.00,8.97,-4.05,-0.02,-0.03,-0.02,-1.08
1.04,8.98,-3.99,-0.02,-0.04,-0.03,-1.08
0.88,8.99,-3.99,-0.02,-0.05,-0.03,-0.94
0.79,9.00,-3.97,-0.03,-0.07,-0.03,-0.94
0.85,9.01,-3.96,-0.03,-0.08,-0.02,-0.94
0.91,9.04,-3.91,-0.03,-0.08,-0.02,-0.82
0.90,9.03,-3.98,-0.03,-0.07,-0.02,-0.82
0.85,9.03,-3.86,-0.03,-0.07,-0.01,-0.82
0.87,9.03,-4.07,-0.04,-0.07,-0.01,-0.82
0.87,8.98,-3.96,-0.03,-0.09,-0.01,-0.82
0.96,8.98,-3.78,-0.03,-0.10,-0.02,-0.81
0.98,8.98,-3.89,-0.03,-0.09,-0.03,-0.81
0.92,9.02,-3.94,-0.03,-0.07,-0.04,-0.54
0.71,9.02,-4.00,-0.04,-0.09,-0.04,-0.54
0.79,9.00,-3.96,-0.05,-0.12,-0.03,-0.54
0.90,9.07,-3.89,-0.05,-0.14,-0.04,-0.86
1.05,9.12,-3.86,-0.06,-0.16,-0.06,-0.86
1.10,9.04,-3.84,-0.05,-0.15,-0.09,-0.86
0.96,9.08,-3.89,-0.07,-0.15,-0.10,-0.86
0.82,9.02,-3.80,-0.08,-0.18,-0.12,-0.86
0.94,8.96,-3.72,-0.07,-0.19,-0.14,-0.60
0.85,9.03,-3.84,-0.07,-0.18,-0.15,-0.60
0.90,9.07,-3.72,-0.07,-0.16,-0.17,-0.79
0.83,9.02,-3.74,-0.06,-0.14,-0.19,-0.79
0.77,9.10,-3.74,-0.06,-0.11,-0.20,-0.79
0.60,9.11,-3.78,-0.06,-0.10,-0.21,-0.83
0.59,9.08,-3.80,-0.06,-0.10,-0.21,-0.83
0.53,9.17,-3.66,-0.07,-0.11,-0.21,-0.83
0.41,9.10,-3.75,-0.08,-0.13,-0.22,-0.83
0.45,9.11,-3.68,-0.09,-0.14,-0.22,-0.83
0.48,9.13,-3.75,-0.10,-0.14,-0.24,-0.48
0.55,9.23,-3.68,-0.10,-0.13,-0.26,-0.48
0.46,9.27,-3.72,-0.12,-0.14,-0.29,-0.54
0.53,9.17,-3.63,-0.14,-0.16,-0.32,-0.54
0.34,9.25,-3.72,-0.16,-0.18,-0.36,-0.54
0.30,9.17,-3.58,-0.17,-0.21,-0.39,-0.73
0.27,9.28,-3.70,-0.18,-0.22,-0.42,-0.73
0.32,9.30,-3.72,-0.20,-0.23,-0.46,-0.73
0.15,9.29,-3.57,-0.21,-0.25,-0.49,-0.73
0.05,9.29,-3.56,-0.22,-0.27,-0.52,-0.73
-0.00,9.30,-3.57,-0.23,-0.29,-0.55,-0.52
-0.19,9.47,-3.38,-0.26,-0.33,-0.59,-0.52
-0.24,9.50,-3.19,-0.27,-0.37,-0.62,-0.72
-0.48,9.70,-3.28,-0.28,-0.40,-0.66,-0.72
-0.51,9.90,-3.02,-0.29,-0.43,-0.69,-0.72
-0.42,9.92,-2.78,-0.29,-0.43,-0.73,-0.80
-0.58,9.98,-2.67,-0.29,-0.42,-0.79,-0.80
-0.78,10.11,-2.55,-0.27,-0.41,-0.85,-0.80
-0.68,10.12,-2.43,-0.28,-0.41,-0.90,-0.80
-0.55,10.06,-2.49,-0.27,-0.40,-0.97,-0.80
-0.48,10.07,-2.54,-0.27,-0.38,-1.07,-0.80
-0.69,10.12,-2.43,-0.24,-0.37,-1.17,-0.80
-1.20,10.21,-2.39,-0.22,-0.43,-1.26,-0.70
-1.96,10.50,-2.16,-0.21,-0.59,-1.30,-0.70
-2.58,11.30,-2.34,-0.24,-0.85,-1.26,-0.70
-0.78,10.83,-3.16,-0.18,-1.08,-1.29,-0.78
0.39,9.66,-3.41,0.01,-1.11,-1.47,-0.78
-1.62,10.27,-3.75,0.07,-0.91,-1.56,-1.01
-2.70,9.50,-3.57,0.17,-0.72,-1.67,-1.01
-3.38,9.24,-3.53,0.16,-0.57,-1.68,-1.01
-3.97,7.94,-3.25,0.17,-0.45,-1.59,-1.01
-3.69,7.35,-3.13,0.14,-0.44,-1.22,-1.01
-2.29,6.67,-2.26,0.02,-0.49,-0.68,-1.16
-1.40,6.44,-1.87,-0.07,-0.38,-0.22,-1.16
-0.96,6.05,-1.83,-0.15,-0.16,0.24,-1.16
-1.06,5.69,-1.67,-0.13,0.16,0.57,-1.29
-0.95,6.38,-2.20,-0.13,0.45,0.96,-1.29
-1.07,6.56,-2.06,-0.12,0.67,1.28,-1.07
-1.57,7.24,-2.09,-0.11,0.83,1.57,-1.07
-1.83,7.97,-1.84,-0.13,0.86,1.87,-1.07
-2.23,8.51,-1.82,-0.14,0.84,2.11,-1.07
-2.13,9.06,-1.74,-0.13,0.88,2.33,-1.07
-1.62,9.55,-1.75,-0.12,0.97,2.46,-0.61
-1.38,10.02,-1.75,-0.10,1.10,2.51,-0.61
-1.10,10.52,-1.95,-0.11,1.27,2.56,-0.61
-0.90,10.90,-2.02,-0.11,1.46,2.59,-0.93
-1.06,11.24,-2.17,-0.14,1.59,2.58,-0.93
-0.92,11.59,-2.38,-0.17,1.60,2.58,-1.19
-0.96,12.15,-2.17,-0.26,1.56,2.52,-1.19
-1.23,11.80,-2.23,-0.30,1.44,2.47,-1.19
-0.96,11.92,-2.49,-0.30,1.40,2.35,-1.19
-1.23,12.09,-2.50,-0.32,1.37,2.19,-1.19
-1.74,10.81,-1.62,-0.34,1.11,1.86,-0.89
-1.97,10.06,-2.20,-0.23,0.96,1.61,-0.89
-1.68,9.89,-2.23,-0.20,0.66,1.33,-0.89
-1.62,9.63,-1.94,-0.14,0.34,1.05,-0.95
-1.46,9.31,-1.88,-0.08,0.04,0.74,-0.95
-1.47,8.89,-1.91,-0.02,-0.20,0.36,-0.91
-1.28,8.78,-2.06,0.05,-0.36,0.06,-0.91
-0.95,8.95,-1.95,0.12,-0.42,-0.25,-0.91
-1.30,9.24,-1.68,0.15,-0.43,-0.61,-0.91
1.98,10.36,-0.91,0.08,-0.49,-0.52,-0.91
7.34,9.42,0.17,0.09,-0.49,-0.13,-1.01
4.26,10.15,-0.46,0.16,-0.12,-0.39,-1.01
2.44,10.39,-0.31,0.27,-0.15,-0.36,-1.01
3.04,9.73,-1.18,0.39,-0.24,-0.45,-0.82
2.85,9.54,-3.48,0.59,0.09,-0.59,-0.82
2.34,10.82,-3.60,0.60,0.33,-0.79,-0.87
2.83,9.14,-3.01,0.52,0.21,-0.78,-0.87
2.32,8.61,-3.11,0.46,0.19,-0.78,-0.87
2.27,8.89,-2.37,0.43,-0.01,-0.70,-0.69
2.02,9.06,-2.27,0.43,-0.20,-0.63,-0.69
2.08,8.99,-2.57,0.45,-0.29,-0.57,-0.73
2.88,9.04,-2.57,0.47,-0.29,-0.57,-0.73
2.76,9.22,-2.69,0.47,-0.05,-0.63,-0.73
1.63,9.75,-2.05,0.47,0.14,-0.73,-0.86
0.65,9.61,-2.00,0.46,0.08,-0.71,-0.86
1.22,9.24,-2.58,0.46,-0.07,-0.66,-0.89
1.11,9.11,-3.20,0.44,-0.13,-0.63,-0.89
1.28,9.23,-3.53,0.42,-0.15,-0.59,-0.89
0.74,9.27,-3.11,0.40,-0.15,-0.57,-0.88
0.66,9.58,-2.85,0.37,-0.23,-0.51,-0.88
1.22,9.39,-3.49,0.35,-0.20,-0.48,-0.88
0.82,9.37,-3.91,0.31,-0.14,-0.47,-0.88
0.66,9.36,-4.00,0.26,-0.15,-0.43,-0.88
0.46,9.47,-3.88,0.20,-0.22,-0.39,-0.55
0.76,9.28,-3.63,0.17,-0.27,-0.36,-0.55
0.68,9.33,-3.67,0.14,-0.28,-0.35,-1.06
0.87,9.06,-3.73,0.12,-0.23,-0.36,-1.06
0.46,9.06,-3.68,0.10,-0.21,-0.36,-1.06
0.14,9.15,-3.53,0.09,-0.19,-0.34,-0.88
-0.04,9.06,-3.53,0.08,-0.19,-0.30,-0.88
0.03,9.01,-3.67,0.07,-0.20,-0.26,-0.88
0.01,9.02,-3.60,0.06,-0.18,-0.22,-0.88
0.14,9.11,-3.63,0.06,-0.14,-0.20,-0.88
0.17,9.15,-3.58,0.06,-0.13,-0.17,-0.72
-0.04,9.19,-3.59,0.04,-0.11,-0.16,-0.72
0.09,9.25,-3.74,0.04,-0.13,-0.14,-0.77
0.04,9.25,-3.56,0.02,-0.16,-0.13,-0.77
0.45,9.13,-3.68,0.00,-0.17,-0.14,-0.77
0.53,9.11,-3.58,-0.00,-0.16,-0.19,-0.64
0.48,9.08,-3.52,-0.00,-0.15,-0.23,-0.64
0.25,9.30,-3.67,-0.00,-0.14,-0.28,-0.64
0.03,9.29,-3.63,-0.00,-0.16,-0.29,-0.64
0.34,9.17,-3.81,-0.01,-0.16,-0.32,-0.64
0.09,9.28,-3.53,-0.00,-0.17,-0.37,-0.83
0.03,9.23,-3.58,-0.01,-0.21,-0.39,-0.83
-0.21,9.36,-3.58,-0.02,-0.23,-0.42,-0.86
-0.18,9.49,-3.95,-0.06,-0.30,-0.43,-0.86
-0.15,9.45,-3.99,-0.09,-0.37,-0.47,-0.86
-0.08,9.49,-3.68,-0.11,-0.42,-0.52,-0.99
-0.19,9.53,-3.61,-0.12,-0.45,-0.58,-0.99
-0.06,9.59,-3.55,-0.15,-0.44,-0.66,-0.99
0.33,9.51,-3.60,-0.19,-0.39,-0.75,-0.99
-0.02,9.66,-3.55,-0.22,-0.32,-0.87,-0.99
-0.46,9.95,-3.47,-0.25,-0.28,-0.96,-0.97
-0.75,10.30,-3.27,-0.28,-0.28,-1.02,-0.97
-0.75,10.38,-2.97,-0.29,-0.27,-1.07,-0.69
-0.76,10.33,-2.89,-0.31,-0.22,-1.14,-0.69
-0.94,10.18,-2.77,-0.33,-0.19,-1.20,-0.69
-1.07,10.02,-2.97,-0.35,-0.17,-1.26,-1.01
-1.22,9.83,-2.99,-0.35,-0.20,-1.31,-1.01
-1.62,9.64,-2.82,-0.32,-0.29,-1.35,-0.84
-1.68,9.54,-2.61,-0.27,-0.42,-1.38,-0.84
-2.15,9.96,-2.24,-0.20,-0.58,-1.39,-0.84
-2.66,10.63,-2.43,-0.17,-0.85,-1.36,-0.84
-0.73,10.31,-2.61,-0.07,-1.15,-1.36,-0.84
0.03,9.95,-2.79,0.11,-1.25,-1.59,-1.13
-2.37,10.56,-3.24,0.20,-1.15,-1.77,-1.13
-3.77,10.63,-3.79,0.26,-1.07,-1.88,-1.13
-3.64,9.98,-3.66,0.24,-0.91,-1.86,-0.90
-4.20,9.05,-3.50,0.18,-0.65,-1.84,-0.90
-5.25,7.01,-3.24,0.09,-0.40,-1.83,-1.04
-5.70,6.46,-4.33,0.17,-0.02,-1.69,-1.04
-4.03,6.15,-3.76,0.02,0.27,-1.11,-1.04
-2.63,5.55,-3.01,-0.11,0.38,-0.44,-1.04
-1.08,4.18,-0.98,-0.32,0.40,0.34,-1.04
-2.60,4.70,-1.78,-0.24,0.56,0.70,-0.81
-3.00,4.99,-2.24,-0.27,0.52,1.26,-0.81
-2.40,4.66,-2.30,-0.31,0.35,1.73,-0.81
-2.14,5.48,-2.05,-0.31,0.31,2.11,-1.01
-2.34,5.97,-1.31,-0.23,0.39,2.40,-1.01
-3.28,7.27,-1.50,-0.10,0.59,2.76,-1.17
-3.41,8.12,-1.48,-0.09,0.67,3.01,-1.17
-2.73,9.09,-1.51,-0.05,0.83,3.12,-1.17
-2.54,9.93,-1.66,-0.04,1.07,3.16,-1.17
-2.71,10.53,-1.88,-0.09,1.23,3.19,-1.17
-2.51,10.98,-1.78,-0.18,1.26,3.24,-1.01
-2.59,11.44,-1.53,-0.28,1.23,3.26,-1.01
-2.22,11.70,-1.68,-0.37,1.21,3.26,-1.01
-1.36,12.17,-1.91,-0.44,1.25,3.23,-0.64
-0.64,12.31,-2.19,-0.45,1.36,3.16,-0.64
-0.67,12.54,-2.59,-0.37,1.46,2.98,-0.85
-1.06,12.29,-2.67,-0.30,1.42,2.77,-0.85
-1.01,12.23,-1.92,-0.31,1.28,2.51,-0.85
-1.59,11.36,-1.98,-0.39,1.22,2.20,-0.85
-1.70,9.82,-1.91,-0.40,0.99,1.79,-0.85
-2.45,9.57,-1.81,-0.35,0.59,1.30,-1.21
-2.73,8.65,-2.04,-0.17,0.19,0.80,-1.21
-2.72,7.99,-2.08,-0.01,-0.20,0.20,-1.21
-1.91,8.44,-2.36,0.13,-0.38,-0.45,-0.86
-0.65,9.75,-3.43,0.26,-0.39,-0.93,-0.86
4.08,10.14,-2.15,0.21,-0.63,-0.70,-1.02
10.97,10.97,0.79,0.03,-0.85,0.08,-1.02
7.31,8.77,-1.32,0.26,-0.07,-0.48,-1.02
1.81,11.38,-0.04,0.35,0.23,-0.53,-1.02
3.14,9.50,-0.85,0.48,-0.09,-0.60,-1.02
3.42,9.34,-3.90,0.76,0.34,-0.75,-0.81
3.52,9.85,-3.59,0.81,0.60,-0.90,-0.81
2.80,8.77,-2.73,0.75,0.44,-0.95,-0.81
2.20,8.83,-3.41,0.67,0.20,-0.91,-0.93
1.15,9.25,-2.66,0.56,-0.29,-0.81,-0.93
1.19,9.20,-2.34,0.53,-0.69,-0.69,-1.06
2.04,9.45,-2.54,0.51,-0.73,-0.64,-1.06
2.75,9.34,-2.89,0.53,-0.51,-0.63,-1.06
2.89,8.92,-3.16,0.55,-0.12,-0.64,-0.88
2.52,9.02,-3.22,0.56,0.20,-0.65,-0.88
1.53,9.19,-3.44,0.51,0.28,-0.59,-0.88
0.69,9.55,-3.16,0.46,0.15,-0.50,-0.88
0.79,9.51,-3.20,0.40,-0.14,-0.40,-0.88
1.28,9.24,-3.57,0.33,-0.37,-0.33,-1.02
1.94,9.11,-3.76,0.27,-0.46,-0.32,-1.02
2.47,9.07,-3.93,0.25,-0.36,-0.36,-0.75
2.09,9.13,-3.81,0.20,-0.28,-0.41,-0.75
1.79,9.16,-3.59,0.17,-0.29,-0.44,-0.75
1.75,9.12,-3.53,0.17,-0.33,-0.47,-0.91
1.57,9.06,-3.61,0.16,-0.34,-0.49,-0.91
1.39,9.10,-3.69,0.15,-0.31,-0.51,-0.91
1.00,9.13,-3.69,0.12,-0.30,-0.50,-0.91
0.76,9.06,-3.70,0.12,-0.27,-0.47,-0.91
0.47,9.23,-3.69,0.09,-0.27,-0.42,-0.87
0.43,9.10,-3.77,0.08,-0.27,-0.35,-0.87
0.53,9.07,-3.77,0.07,-0.23,-0.30,-0.87
0.52,9.18,-3.72,0.05,-0.22,-0.28,-0.87
0.72,9.17,-3.70,0.04,-0.21,-0.26,-0.87
0.63,9.17,-3.75,0.03,-0.24,-0.27,-0.98
0.80,9.09,-3.71,0.03,-0.29,-0.28,-0.98
0.91,9.07,-3.60,0.03,-0.29,-0.32,-0.98
0.94,9.06,-3.50,0.04,-0.26,-0.37,-0.98
0.85,9.09,-3.62,0.05,-0.22,-0.42,-0.98
0.68,9.13,-3.68,0.06,-0.20,-0.48,-1.07
0.29,9.08,-3.86,0.05,-0.21,-0.50,-1.07
0.41,9.09,-3.69,0.04,-0.23,-0.54,-1.08
0.42,9.17,-3.85,0.03,-0.24,-0.58,-1.08
-0.00,9.28,-3.91,0.03,-0.26,-0.60,-1.08
-0.08,9.46,-3.89,0.01,-0.31,-0.62,-1.15
-0.26,9.46,-3.78,-0.01,-0.36,-0.64,-1.15
-0.27,9.41,-3.77,-0.03,-0.41,-0.66,-1.15
-0.42,9.52,-3.79,-0.06,-0.45,-0.70,-1.15
-0.41,9.55,-3.76,-0.09,-0.45,-0.73,-1.15
-0.41,9.73,-3.77,-0.13,-0.42,-0.79,-0.97
-0.56,9.89,-3.80,-0.17,-0.40,-0.84,-0.97
-0.66,9.97,-3.74,-0.21,-0.41,-0.88,-1.01
-0.58,10.04,-3.55,-0.25,-0.39,-0.92,-1.01
-0.72,10.13,-3.51,-0.30,-0.37,-0.96,-1.01
-0.68,10.15,-3.39,-0.33,-0.34,-1.03,-0.97
-0.96,9.94,-3.31,-0.35,-0.35,-1.11,-0.97
-0.98,9.87,-3.07,-0.37,-0.40,-1.18,-1.12
-0.92,9.80,-2.90,-0.36,-0.45,-1.26,-1.12
-1.02,9.74,-2.69,-0.32,-0.54,-1.34,-1.12
-1.08,10.07,-2.53,-0.26,-0.65,-1.42,-1.12
-1.77,10.65,-2.36,-0.18,-0.85,-1.48,-1.12
-1.21,11.59,-2.61,-0.17,-1.21,-1.43,-1.12
1.67,10.46,-2.54,0.08,-1.35,-1.60,-1.12
-0.77,10.56,-4.02,0.21,-1.16,-1.90,-1.12
-3.22,10.66,-3.86,0.31,-0.85,-2.03,-1.25
-3.89,10.11,-3.88,0.31,-0.66,-2.12,-1.25
-4.53,8.44,-3.79,0.30,-0.41,-2.07,-1.21
-4.79,6.85,-4.45,0.37,-0.29,-1.85,-1.21
-3.73,6.84,-3.53,0.18,-0.23,-1.23,-1.21
-1.90,6.08,-2.59,0.05,-0.15,-0.64,-1.21
-1.61,5.26,-2.14,-0.12,-0.10,-0.04,-1.21
-1.97,4.72,-1.36,-0.22,0.04,0.51,-1.20
-2.57,5.34,-2.00,-0.24,0.17,0.98,-1.20
-2.06,4.93,-2.15,-0.30,0.22,1.48,-1.20
-2.03,5.37,-2.43,-0.29,0.30,1.84,-1.05
-2.43,6.07,-2.39,-0.26,0.41,2.19,-1.05
-2.70,6.69,-2.46,-0.21,0.51,2.52,-1.36
-3.16,7.78,-2.32,-0.16,0.67,2.76,-1.36
-2.82,8.60,-2.32,-0.14,0.82,2.95,-1.36
-2.22,9.72,-2.30,-0.16,1.03,3.03,-1.36
-2.13,10.36,-2.42,-0.19,1.25,3.06,-1.36
-1.89,10.81,-2.71,-0.23,1.43,3.08,-1.37
-1.88,11.16,-2.63,-0.27,1.53,3.12,-1.37
-1.71,11.47,-2.57,-0.32,1.58,3.16,-1.37
-1.36,12.02,-2.63,-0.40,1.63,3.16,-1.28
-0.96,12.39,-2.59,-0.45,1.64,3.12,-1.28
-0.70,12.50,-2.73,-0.48,1.58,3.01,-1.26
-0.56,12.41,-2.81,-0.46,1.47,2.85,-1.26
-0.94,12.05,-2.40,-0.38,1.28,2.63,-1.26
-1.72,11.49,-2.44,-0.35,1.07,2.42,-1.26
-1.13,10.10,-2.02,-0.30,0.78,2.10,-1.26
-1.56,9.94,-1.90,-0.27,0.48,1.64,-1.16
-1.94,9.22,-1.59,-0.22,0.16,1.21,-1.16
-2.08,8.56,-1.51,-0.12,-0.14,0.72,-1.16
-1.80,8.40,-1.47,-0.02,-0.35,0.23,-1.04
-1.13,8.51,-1.61,0.07,-0.42,-0.26,-1.04
-1.05,8.56,-1.93,0.16,-0.40,-0.74,-1.10
-1.15,8.78,-2.08,0.24,-0.41,-1.09,-1.10
-0.74,9.26,-2.64,0.37,-0.42,-1.35,-1.10
4.95,10.33,-2.62,0.28,-0.61,-0.78,-1.10
14.75,11.94,2.94,-0.18,-1.27,0.53,-1.10
4.11,9.27,-2.30,0.26,0.03,-0.71,-1.22
0.37,12.63,-0.87,0.30,-0.07,-0.47,-1.22
3.96,9.05,-2.70,0.53,-0.39,-0.66,-1.22
4.01,9.95,-4.17,0.62,0.22,-0.92,-0.86
2.79,9.74,-2.93,0.65,0.62,-1.09,-0.86
2.40,8.14,-2.91,0.69,0.61,-1.06,-1.01
1.56,9.15,-3.51,0.60,0.44,-1.01,-1.01
-0.41,9.61,-2.68,0.50,-0.08,-0.85,-1.01
-0.34,9.51,-2.48,0.43,-0.54,-0.60,-1.00
0.83,9.54,-2.84,0.37,-0.77,-0.41,-1.00
2.21,9.37,-2.86,0.37,-0.62,-0.32,-1.00
3.17,9.05,-2.95,0.43,-0.17,-0.33,-1.00
2.56,9.15,-3.24,0.45,0.20,-0.38,-1.00
1.83,9.28,-3.47,0.42,0.21,-0.39,-1.29
1.54,9.24,-3.68,0.33,-0.12,-0.35,-1.29
1.45,9.19,-3.82,0.25,-0.43,-0.32,-0.83
2.06,9.21,-3.41,0.19,-0.56,-0.31,-0.83
2.77,9.03,-3.38,0.19,-0.47,-0.38,-0.83
2.62,8.99,-3.49,0.20,-0.32,-0.48,-1.13
2.07,9.11,-3.79,0.18,-0.23,-0.53,-1.13
1.20,9.07,-3.73,0.14,-0.30,-0.53,-1.13
1.02,9.17,-3.57,0.11,-0.38,-0.48,-1.13
1.10,9.12,-3.58,0.09,-0.41,-0.45,-1.13
1.36,9.05,-3.50,0.10,-0.37,-0.44,-1.21
1.19,9.04,-3.45,0.09,-0.28,-0.45,-1.21
0.83,9.14,-3.41,0.09,-0.22,-0.44,-1.04
0.65,9.19,-3.39,0.09,-0.20,-0.42,-1.04
0.50,9.29,-3.67,0.08,-0.21,-0.39,-1.04
0.51,9.20,-3.68,0.06,-0.24,-0.35,-1.21
0.75,9.19,-3.70,0.05,-0.24,-0.35,-1.21
0.79,9.25,-3.62,0.05,-0.24,-0.36,-1.21
0.66,9.21,-3.58,0.05,-0.26,-0.37,-1.21
0.92,9.11,-3.58,0.06,-0.28,-0.42,-1.21
0.65,9.18,-3.53,0.07,-0.30,-0.44,-0.58
0.60,9.32,-3.59,0.06,-0.30,-0.47,-0.58
0.57,9.29,-3.81,0.05,-0.28,-0.52,-0.85
0.49,9.16,-3.99,0.04,-0.32,-0.56,-0.85
0.01,9.42,-3.94,0.01,-0.36,-0.58,-0.85
-0.20,9.61,-3.88,-0.01,-0.41,-0.57,-0.91
-0.29,9.42,-3.63,-0.03,-0.46,-0.57,-0.91
-0.12,9.46,-3.73,-0.06,-0.45,-0.60,-0.91
-0.38,9.32,-3.79,-0.10,-0.44,-0.62,-0.91
-0.50,9.09,-3.90,-0.14,-0.46,-0.64,-0.91
-0.47,8.97,-3.73,-0.18,-0.48,-0.68,-1.18
-0.23,9.05,-3.81,-0.21,-0.44,-0.73,-1.18
-0.57,9.50,-3.61,-0.23,-0.45,-0.80,-1.01
-0.53,9.75,-3.50,-0.24,-0.47,-0.86,-1.01
-0.25,10.14,-3.37,-0.26,-0.46,-0.95,-1.01
-0.42,10.64,-3.12,-0.28,-0.45,-1.05,-1.27
-0.43,10.73,-2.95,-0.29,-0.44,-1.16,-1.27
-0.67,10.78,-2.90,-0.29,-0.49,-1.26,-1.27
-0.69,10.68,-2.34,-0.25,-0.58,-1.34,-1.27
-0.58,10.44,-2.25,-0.19,-0.66,-1.46,-1.27
-0.85,10.48,-2.26,-0.08,-0.81,-1.56,-1.17
-1.68,10.95,-2.45,0.04,-1.10,-1.59,-1.17
-1.97,12.05,-3.20,0.11,-1.65,-1.50,-1.10
0.87,10.67,-3.17,0.39,-2.05,-1.64,-1.10
-1.26,11.15,-4.07,0.37,-1.80,-1.77,-1.10
-3.60,10.72,-4.05,0.37,-1.32,-1.84,-1.20
-4.11,9.23,-4.14,0.35,-1.08,-1.92,-1.20
-3.84,8.01,-3.54,0.32,-0.96,-1.63,-1.47
-3.53,7.13,-3.65,0.23,-0.99,-1.16,-1.47
-1.08,6.19,-2.89,0.08,-0.84,-0.42,-1.47
0.46,5.13,-2.26,-0.03,-0.46,0.14,-1.47
-0.49,4.46,-1.55,-0.12,0.01,0.64,-1.47
-2.12,4.81,-2.00,-0.13,0.46,1.22,-1.42
-1.62,4.48,-1.88,-0.19,0.60,1.76,-1.42
-1.26,4.88,-2.17,-0.18,0.76,2.14,-1.42
-1.20,5.39,-2.54,-0.11,1.02,2.47,-1.41
-2.33,6.72,-2.76,-0.05,1.19,2.76,-1.41
-3.36,8.16,-2.96,-0.08,1.14,3.06,-1.37
-2.24,8.92,-2.83,-0.11,1.16,3.26,-1.37
-1.51,10.09,-2.96,-0.11,1.39,3.37,-1.37
-1.08,11.04,-3.01,-0.12,1.62,3.47,-1.37
-0.52,11.85,-3.01,-0.14,1.81,3.53,-1.37
-0.24,12.62,-3.32,-0.16,2.03,3.50,-1.27
-0.25,13.45,-3.33,-0.20,2.11,3.39,-1.27
-0.33,13.67,-3.09,-0.27,2.01,3.22,-1.27
-0.25,13.44,-2.85,-0.31,1.80,3.00,-1.21
-0.91,12.89,-1.61,-0.25,1.55,2.75,-1.21
-1.48,11.85,-1.89,-0.28,1.35,2.48,-1.22
-1.34,10.64,-1.98,-0.27,1.01,2.07,-1.22
-2.23,9.83,-1.67,-0.22,0.69,1.56,-1.22
-1.98,9.23,-1.51,-0.12,0.35,1.05,-1.22
-1.32,8.69,-1.55,-0.00,0.11,0.48,-1.22
-1.43,8.43,-1.80,0.12,-0.01,-0.12,-0.99
-1.45,8.57,-1.96,0.20,-0.12,-0.55,-0.99
-0.93,8.62,-2.02,0.29,-0.18,-0.90,-0.99
-0.75,8.58,-2.31,0.38,-0.15,-1.20,-1.26
-0.66,8.65,-2.18,0.44,-0.14,-1.42,-1.26
-0.70,8.90,-2.27,0.49,-0.12,-1.57,-1.09
3.90,10.60,-1.83,0.35,-0.18,-1.10,-1.09
15.53,14.42,3.23,-0.30,-0.66,0.33,-1.09
9.97,8.40,-0.26,0.12,0.09,-0.61,-1.09
-4.77,11.08,-2.57,0.67,0.64,-0.94,-1.09
2.03,11.45,-4.34,0.78,0.15,-0.81,-1.05
5.71,10.94,-2.90,0.71,0.31,-1.28,-1.05
3.11,7.92,-3.02,0.74,0.76,-1.41,-1.05
1.28,8.00,-3.26,0.72,0.60,-1.30,-1.01
0.38,8.63,-3.99,0.60,0.02,-1.17,-1.01
-1.04,9.48,-2.89,0.42,-0.55,-0.96,-1.03
-0.76,9.31,-2.23,0.44,-0.89,-0.73,-1.03
0.90,9.54,-3.28,0.46,-0.69,-0.54,-1.03
2.00,9.66,-3.25,0.46,-0.35,-0.53,-0.90
2.81,9.28,-3.66,0.47,0.12,-0.61,-0.90
0.73,9.42,-3.70,0.39,0.31,-0.65,-0.90
-0.46,9.60,-3.36,0.34,-0.02,-0.56,-0.90
0.42,9.34,-3.94,0.27,-0.31,-0.44,-0.90
0.76,9.33,-4.37,0.14,-0.46,-0.39,-0.91
1.38,9.21,-3.77,0.09,-0.45,-0.37,-0.91
1.49,9.12,-3.74,0.07,-0.27,-0.43,-1.08
0.78,9.19,-3.42,0.08,-0.18,-0.45,-1.08
0.40,9.15,-3.61,0.09,-0.24,-0.45,-1.08
0.14,9.07,-3.57,0.08,-0.31,-0.41,-0.84
0.20,9.27,-3.64,0.07,-0.40,-0.39,-0.84
0.49,9.16,-3.73,0.06,-0.42,-0.38,-0.84
0.30,9.05,-3.58,0.05,-0.38,-0.38,-0.84
0.27,9.24,-3.55,0.05,-0.33,-0.38,-0.84
0.22,9.20,-3.39,0.05,-0.31,-0.39,-1.01
0.04,9.17,-3.40,0.06,-0.28,-0.40,-1.01
0.00,9.21,-3.56,0.06,-0.26,-0.41,-1.03
-0.40,9.22,-3.63,0.04,-0.30,-0.40,-1.03
-0.23,9.30,-3.65,0.01,-0.35,-0.38,-1.03
-0.17,9.32,-3.61,-0.00,-0.34,-0.39,-1.03
-0.48,9.47,-3.54,-0.01,-0.35,-0.38,-1.03
-0.53,9.61,-3.69,-0.04,-0.38,-0.37,-1.03
-0.38,9.51,-3.76,-0.06,-0.45,-0.38,-1.03
-0.15,9.44,-3.93,-0.10,-0.50,-0.43,-1.03
-0.09,9.44,-3.84,-0.14,-0.51,-0.49,-0.82
-0.28,9.62,-3.62,-0.16,-0.51,-0.55,-0.82
-0.51,9.67,-3.54,-0.20,-0.49,-0.61,-0.96
-0.73,9.53,-3.39,-0.22,-0.49,-0.66,-0.96
-0.89,9.55,-3.39,-0.24,-0.49,-0.70,-0.96
-0.88,9.56,-3.47,-0.28,-0.47,-0.75,-1.13
-0.62,9.61,-3.49,-0.32,-0.46,-0.82,-1.13
-0.48,9.74,-3.19,-0.33,-0.43,-0.93,-1.13
-0.05,10.14,-2.99,-0.34,-0.35,-1.07,-1.13
-0.10,10.64,-2.60,-0.34,-0.26,-1.22,-1.13
-0.28,10.98,-2.51,-0.33,-0.19,-1.36,-1.10
-0.64,10.90,-2.28,-0.32,-0.18,-1.47,-1.10
-0.73,10.60,-2.40,-0.28,-0.29,-1.56,-0.97
-0.85,10.35,-2.38,-0.20,-0.45,-1.65,-0.97
-0.96,10.48,-2.40,-0.10,-0.75,-1.71,-0.97
-1.67,11.79,-3.17,0.01,-1.20,-1.68,-0.88
1.09,11.52,-3.22,0.32,-1.65,-1.79,-0.88
-1.14,10.76,-4.74,0.44,-1.46,-2.12,-0.88
-5.20,10.70,-4.19,0.54,-1.12,-2.31,-0.88
-6.76,10.13,-4.59,0.49,-1.39,-2.08,-0.88
-5.39,7.53,-3.87,0.52,-1.70,-1.58,-1.03
-2.96,6.97,-3.47,0.45,-1.94,-0.75,-1.03
-0.10,5.39,-2.31,0.32,-1.84,-0.06,-1.09
1.09,4.25,-1.79,0.28,-1.24,0.45,-1.09
0.21,4.39,-2.61,0.35,-0.31,0.87,-1.09
-0.14,4.40,-2.06,0.30,0.43,1.56,-1.07
-1.48,4.16,-2.11,0.39,0.88,2.08,-1.07
-1.58,5.05,-1.81,0.41,0.98,2.54,-1.17
-1.28,6.36,-2.13,0.41,1.08,2.75,-1.17
-2.91,7.90,-2.00,0.42,1.20,2.94,-1.17
-4.65,9.37,-1.92,0.30,1.00,3.20,-1.17
-3.05,9.76,-1.99,0.18,0.81,3.38,-1.17
-2.22,10.62,-2.07,0.11,0.95,3.45,-1.21
-1.32,11.04,-2.38,0.12,1.22,3.49,-1.21
-0.35,11.48,-2.51,0.13,1.62,3.47,-1.21
-0.15,12.28,-2.44,0.13,2.01,3.36,-1.28
-0.04,13.09,-2.60,0.09,2.31,3.25,-1.28
-0.09,13.64,-2.47,-0.04,2.45,3.06,-1.16
-0.49,13.71,-2.29,-0.16,2.39,2.86,-1.16
-1.36,13.45,-2.32,-0.24,2.18,2.64,-1.16
-0.84,11.79,-1.70,-0.34,1.97,2.38,-1.16
-1.06,11.24,-1.85,-0.38,1.69,1.94,-1.16
-2.35,9.87,-1.53,-0.31,1.27,1.42,-1.11
-2.65,9.20,-1.36,-0.19,0.84,0.98,-1.11
-2.35,8.84,-1.18,-0.08,0.42,0.47,-1.11
-1.96,8.56,-1.42,-0.02,0.09,-0.04,-1.10
-1.71,8.61,-1.61,0.03,-0.11,-0.48,-1.10
-1.41,8.55,-2.08,0.12,-0.21,-0.89,-1.05
-1.36,8.87,-2.42,0.21,-0.25,-1.16,-1.05
-1.34,9.03,-2.43,0.28,-0.34,-1.36,-1.05
1.44,10.12,-2.50,0.37,-0.42,-1.17,-1.05
10.74,12.72,-0.78,0.04,-0.95,-0.02,-1.05
10.78,8.12,-1.62,0.08,-1.02,0.05,-0.86
0.89,11.60,-2.07,0.36,-0.14,-0.52,-0.86
3.61,9.32,-4.44,0.68,-0.23,-0.52,-0.86
4.81,11.20,-5.57,0.70,0.41,-1.09,-0.79
2.18,9.60,-1.39,0.57,0.54,-1.22,-0.79
0.83,8.56,-1.77,0.76,0.60,-1.14,-0.97
1.38,9.23,-2.90,0.77,0.33,-1.01,-0.97
-0.05,9.29,-3.62,0.64,-0.09,-0.86,-0.97
0.25,9.35,-3.56,0.51,-0.60,-0.63,-0.97
1.13,9.39,-3.50,0.42,-0.77,-0.50,-0.97
2.08,9.29,-3.24,0.38,-0.52,-0.40,-0.93
2.74,9.31,-3.49,0.40,-0.18,-0.42,-0.93
1.96,9.26,-3.25,0.39,0.06,-0.45,-0.93
1.55,9.32,-3.90,0.35,-0.02,-0.42,-1.08
1.15,9.22,-3.87,0.22,-0.32,-0.38,-1.08
1.52,9.24,-3.93,0.14,-0.52,-0.32,-0.87
2.08,9.17,-3.57,0.10,-0.53,-0.35,-0.87
2.43,9.04,-3.58,0.09,-0.40,-0.41,-0.87
1.94,9.03,-3.67,0.08,-0.30,-0.46,-0.87
1.55,9.00,-3.44,0.07,-0.30,-0.48,-0.87
0.99,9.09,-3.63,0.05,-0.38,-0.48,-0.97
0.98,9.13,-3.41,0.05,-0.45,-0.45,-0.97
1.01,9.09,-3.47,0.06,-0.43,-0.43,-0.97
0.93,9.18,-3.58,0.05,-0.36,-0.41,-0.96
0.84,9.14,-3.50,0.04,-0.31,-0.40,-0.96
0.86,9.12,-3.63,0.04,-0.25,-0.40,-0.74
0.79,9.17,-3.57,0.04,-0.23,-0.39,-0.74
0.58,9.18,-3.48,0.04,-0.25,-0.39,-0.74
0.83,9.13,-3.70,0.03,-0.27,-0.39,-1.08
0.83,9.17,-3.64,0.04,-0.26,-0.43,-1.08
0.69,9.12,-3.68,0.03,-0.27,-0.46,-1.08
0.52,9.17,-3.73,0.04,-0.28,-0.49,-1.08
0.54,9.22,-3.60,0.03,-0.30,-0.52,-1.08
0.62,9.30,-3.73,0.03,-0.29,-0.56,-1.01
0.34,9.31,-3.71,0.03,-0.28,-0.60,-1.01
0.10,9.40,-3.66,0.02,-0.33,-0.63,-0.88
-0.13,9.45,-3.44,0.01,-0.37,-0.66,-0.88
-0.35,9.46,-3.71,-0.02,-0.42,-0.68,-0.88
-0.34,9.65,-3.73,-0.04,-0.47,-0.69,-1.18
-0.25,9.63,-3.67,-0.08,-0.47,-0.71,-1.18
-0.50,9.58,-3.67,-0.12,-0.46,-0.76,-1.18
-0.95,9.54,-3.73,-0.16,-0.49,-0.79,-1.18
-0.54,9.65,-3.87,-0.22,-0.53,-0.83,-1.18
-0.33,9.67,-3.81,-0.28,-0.54,-0.90,-1.17
-0.03,9.63,-3.51,-0.31,-0.50,-1.03,-1.17
0.01,10.25,-3.38,-0.33,-0.39,-1.18,-1.20
-0.18,10.60,-3.18,-0.33,-0.35,-1.31,-1.20
-0.03,10.58,-2.84,-0.34,-0.28,-1.47,-1.20
-0.77,10.89,-2.57,-0.33,-0.29,-1.56,-1.04
-1.03,10.88,-2.17,-0.29,-0.43,-1.66,-1.04
-1.09,11.01,-1.96,-0.23,-0.64,-1.71,-1.04
-2.14,11.82,-2.80,-0.19,-0.93,-1.69,-1.04
-0.48,11.88,-3.15,-0.12,-1.37,-1.59,-1.04
1.65,10.26,-3.63,0.14,-1.48,-1.87,-1.10
-1.98,10.85,-3.95,0.19,-1.10,-2.00,-1.10
-4.25,10.66,-3.84,0.18,-0.71,-2.16,-1.03
-4.07,9.12,-4.19,0.21,-0.39,-2.17,-1.03
-4.06,7.20,-4.33,0.32,-0.21,-2.01,-1.03
-3.76,7.15,-3.75,0.18,-0.13,-1.44,-1.03
-1.75,6.20,-2.77,0.06,-0.01,-0.75,-1.03
-1.04,5.24,-2.27,-0.07,0.13,-0.14,-1.03
-1.56,4.58,-1.75,-0.21,0.30,0.40,-1.03
-2.84,4.72,-2.44,-0.24,0.47,0.98,-1.03
-2.62,4.24,-2.61,-0.36,0.41,1.65,-0.93
-2.20,4.22,-2.62,-0.40,0.27,2.09,-0.93
-2.58,5.02,-3.19,-0.37,0.22,2.53,-1.11
-2.69,5.91,-3.02,-0.35,0.12,2.92,-1.11
-2.68,7.07,-2.77,-0.28,0.10,3.29,-1.11
-2.02,8.45,-2.58,-0.20,0.21,3.57,-1.27
-0.65,9.54,-2.19,-0.10,0.51,3.70,-1.27
-0.28,10.91,-2.37,0.05,1.02,3.77,-1.21
0.09,11.78,-2.82,0.12,1.42,3.82,-1.21
0.41,12.60,-3.02,0.16,1.80,3.82,-1.21
0.33,13.52,-3.23,0.15,2.10,3.74,-1.21
0.41,14.34,-3.08,0.04,2.24,3.62,-1.21
0.11,14.38,-2.55,-0.11,2.18,3.41,-1.06
-0.55,14.28,-1.94,-0.21,1.94,3.20,-1.06
-1.50,13.62,-2.31,-0.25,1.70,3.00,-1.06
-2.06,13.08,-1.99,-0.41,1.21,2.76,-1.07
-2.66,11.27,-1.60,-0.53,0.66,2.30,-1.07
-1.98,9.07,-1.64,-0.39,0.36,1.68,-1.00
-1.64,8.03,-1.10,-0.23,0.17,1.09,-1.00
-2.44,8.07,-1.23,-0.07,-0.16,0.49,-1.00
-2.17,8.05,-1.60,0.02,-0.42,-0.05,-1.00
-1.50,8.21,-1.71,0.06,-0.51,-0.52,-1.00
-1.30,8.02,-2.11,0.16,-0.50,-0.95,-1.13
-0.64,7.99,-2.65,0.27,-0.45,-1.25,-1.13
-0.61,8.46,-2.83,0.33,-0.36,-1.52,-1.13
-1.07,8.84,-2.28,0.42,-0.30,-1.72,-1.03
-1.40,9.29,-2.51,0.50,-0.31,-1.85,-1.03
6.80,12.75,-2.73,0.33,-0.45,-1.01,-1.20
19.61,17.15,13.90,-0.73,-2.17,1.73,-1.20
4.70,7.28,-3.10,0.30,0.83,-1.27,-1.20
-6.22,14.20,-2.84,0.50,0.45,-0.28,-1.20
6.51,8.95,-4.76,0.76,-0.14,-0.73,-1.20
6.22,9.77,-3.78,0.55,0.77,-1.21,-0.80
0.90,7.55,-2.26,0.64,0.97,-1.24,-0.80
2.04,8.37,-2.96,0.71,0.64,-1.09,-0.80
1.01,9.25,-4.08,0.62,0.17,-1.05,-0.99
-2.89,10.15,-2.89,0.38,-0.64,-0.78,-0.99
0.19,9.66,-3.06,0.29,-1.13,-0.40,-0.80
2.12,9.66,-3.12,0.26,-0.95,-0.33,-0.80
3.54,9.27,-3.30,0.33,-0.35,-0.35,-0.80
3.42,9.01,-3.37,0.36,0.22,-0.48,-0.80
1.67,9.25,-3.15,0.35,0.27,-0.51,-0.80
0.93,9.50,-3.85,0.26,-0.07,-0.45,-0.87
0.89,9.44,-3.82,0.14,-0.42,-0.37,-0.87
1.51,9.19,-3.34,0.08,-0.65,-0.32,-0.87
2.48,8.99,-3.40,0.09,-0.55,-0.35,-0.76
2.77,8.96,-3.31,0.12,-0.32,-0.44,-0.76
2.06,8.90,-3.23,0.14,-0.16,-0.50,-1.02
1.10,9.11,-3.50,0.12,-0.20,-0.51,-1.02
0.66,9.18,-3.46,0.09,-0.33,-0.46,-1.02
0.87,9.09,-3.50,0.09,-0.41,-0.41,-1.02
1.20,9.01,-3.60,0.08,-0.40,-0.39,-1.02
1.18,9.15,-3.53,0.07,-0.33,-0.40,-0.96
0.76,9.22,-3.37,0.06,-0.30,-0.39,-0.96
0.77,9.30,-3.38,0.05,-0.31,-0.39,-0.96
0.88,9.22,-3.40,0.06,-0.32,-0.40,-0.73
1.06,9.22,-3.62,0.06,-0.30,-0.43,-0.73
0.68,9.15,-3.65,0.04,-0.29,-0.46,-0.94
0.69,9.14,-3.49,0.05,-0.29,-0.47,-0.94
0.51,9.09,-3.53,0.05,-0.28,-0.49,-0.94
0.41,9.18,-3.43,0.05,-0.26,-0.51,-1.01
0.39,9.04,-3.68,0.05,-0.25,-0.53,-1.01
0.39,9.00,-3.64,0.04,-0.24,-0.56,-1.01
0.11,9.17,-3.67,0.04,-0.23,-0.59,-1.01
-0.10,9.25,-3.44,0.03,-0.26,-0.59,-1.01
-0.13,9.23,-3.65,0.02,-0.31,-0.62,-0.99
-0.15,9.17,-3.70,0.01,-0.33,-0.65,-0.99
-0.43,9.35,-3.81,-0.02,-0.37,-0.67,-0.89
-0.55,9.38,-3.81,-0.06,-0.45,-0.70,-0.89
-0.27,9.57,-3.88,-0.09,-0.50,-0.74,-0.89
-0.05,9.69,-3.77,-0.13,-0.49,-0.81,-0.95
0.04,10.00,-3.76,-0.19,-0.44,-0.90,-0.95
-0.22,10.01,-3.61,-0.24,-0.40,-1.02,-0.95
0.01,10.47,-3.55,-0.28,-0.38,-1.13,-0.95
-0.26,10.89,-3.28,-0.31,-0.36,-1.26,-0.95
-0.30,11.27,-2.96,-0.32,-0.36,-1.38,-1.02
-0.53,11.45,-2.67,-0.34,-0.42,-1.53,-1.02
-0.14,11.36,-2.21,-0.32,-0.53,-1.66,-0.89
0.26,11.35,-2.05,-0.27,-0.64,-1.81,-0.89
-0.08,11.64,-2.08,-0.16,-0.84,-1.96,-0.89
-0.98,13.35,-2.99,-0.06,-1.24,-1.94,-0.95
1.74,11.78,-3.60,0.20,-1.52,-2.07,-0.95
-0.66,11.00,-4.25,0.27,-1.24,-2.22,-0.95
-4.13,10.20,-3.91,0.31,-0.69,-2.33,-0.95
-6.46,9.32,-4.44,0.35,-0.70,-2.24,-0.95
-4.31,7.89,-3.60,0.32,-1.03,-1.53,-0.86
-2.52,6.73,-3.25,0.10,-1.35,-0.79,-0.86
0.18,4.83,-2.45,-0.07,-1.27,0.01,-1.20
0.40,3.97,-1.54,-0.16,-0.85,0.52,-1.20
-1.08,4.36,-2.54,-0.15,-0.17,1.05,-1.20
-1.04,4.30,-1.80,-0.26,0.40,1.78,-1.01
-1.57,4.46,-2.20,-0.19,0.68,2.28,-1.01
-1.11,4.54,-2.67,-0.10,0.95,2.68,-1.01
-1.57,5.98,-2.88,-0.04,1.06,2.94,-1.01
-3.20,7.35,-2.88,0.04,1.09,3.23,-1.01
-3.74,8.20,-2.50,0.03,0.87,3.52,-1.01
-1.98,9.10,-2.33,0.04,0.91,3.72,-1.01
-1.39,10.45,-2.53,0.05,1.24,3.85,-1.21
-0.89,11.49,-2.69,0.01,1.53,3.96,-1.21
-0.14,12.37,-2.88,-0.03,1.89,3.96,-1.21
-0.00,13.33,-3.00,-0.06,2.19,3.82,-1.00
-0.20,14.43,-2.50,-0.11,2.22,3.64,-1.00
-1.17,14.96,-2.72,-0.16,2.01,3.48,-0.97
-1.87,14.62,-2.03,-0.36,1.62,3.23,-0.97
-1.97,13.71,-1.87,-0.64,1.10,2.77,-0.97
-1.86,10.75,-1.40,-0.63,0.80,2.13,-1.01
-2.56,8.09,-1.42,-0.37,0.40,1.46,-1.01
-3.68,8.33,-1.41,-0.07,-0.25,0.79,-0.87
-2.81,8.42,-1.34,0.05,-0.70,0.13,-0.87
-1.11,8.89,-1.51,0.13,-0.72,-0.50,-0.87
-0.71,8.78,-1.68,0.19,-0.62,-1.00,-1.17
-0.46,8.58,-2.20,0.33,-0.40,-1.36,-1.17
-0.26,8.65,-2.39,0.45,-0.08,-1.66,-1.27
2.98,10.88,-1.77,0.40,0.08,-1.39,-1.27
12.48,12.52,0.54,0.01,-0.02,-0.26,-1.27
11.32,8.40,-0.73,0.12,-0.05,-0.23,-1.27
-2.99,11.65,-1.41,0.46,0.57,-1.02,-1.27
0.65,11.15,-2.61,0.62,-0.34,-0.67,-1.08
5.13,9.76,-4.44,0.67,-0.18,-1.02,-1.08
3.91,9.38,-2.84,0.56,0.21,-1.16,-1.08
2.44,7.73,-2.72,0.62,0.22,-1.16,-1.10
3.12,8.04,-2.98,0.61,0.05,-1.12,-1.10
1.60,9.00,-3.51,0.65,0.01,-1.12,-1.19
0.21,9.54,-3.40,0.59,-0.28,-1.03,-1.19
-0.91,9.85,-2.54,0.46,-0.72,-0.88,-1.19
0.96,9.43,-3.75,0.37,-0.74,-0.68,-1.19
2.64,9.12,-3.92,0.33,-0.47,-0.67,-1.19
1.99,9.03,-3.55,0.33,-0.11,-0.73,-1.04
1.05,9.64,-2.97,0.28,0.03,-0.77,-1.04
0.21,9.65,-2.94,0.28,0.03,-0.74,-1.04
0.05,9.43,-3.57,0.25,-0.12,-0.63,-0.95
0.46,9.33,-3.68,0.19,-0.20,-0.55,-0.95
0.23,9.35,-3.50,0.15,-0.21,-0.47,-1.21
0.56,9.30,-3.50,0.14,-0.12,-0.41,-1.21
0.30,9.17,-3.56,0.12,-0.02,-0.37,-1.21
0.01,9.24,-3.62,0.09,-0.05,-0.28,-1.21