0.90,8.92,-3.88,-0.08,-0.29,-0.29,-4.25
1.11,8.92,-3.99,-0.08,-0.22,-0.37,-4.38
0.90,8.89,-4.05,-0.09,-0.19,-0.46,-4.38
0.37,8.93,-3.99,-0.12,-0.28,-0.53,-4.38
0.70,8.73,-3.69,-0.12,-0.37,-0.59,-4.38
1.12,8.61,-3.47,-0.09,-0.38,-0.68,-4.38
1.03,8.60,-3.66,-0.02,-0.27,-0.81,-4.30
0.57,8.67,-3.30,0.05,-0.19,-0.90,-4.30
-0.36,8.74,-3.75,0.10,-0.11,-1.01,-4.30
-0.32,8.99,-2.89,0.13,-0.25,-1.10,-4.47
-0.07,8.66,-2.61,0.26,-0.39,-1.23,-4.47
1.22,8.43,-2.26,0.41,-0.48,-1.44,-4.46
-0.40,7.69,-3.87,0.60,-0.33,-1.62,-4.46
-2.36,8.63,-3.61,0.57,-0.33,-1.68,-4.46
-2.31,8.41,-4.33,0.59,-0.49,-1.74,-4.46
-3.30,8.60,-3.99,0.56,-0.77,-1.75,-4.46
-2.60,7.70,-4.15,0.54,-0.84,-1.78,-4.36
-4.55,8.61,-4.87,0.43,-0.85,-1.73,-4.36
-1.36,8.45,-4.47,0.34,-0.88,-1.79,-4.36
-4.94,8.38,-4.67,0.27,-0.78,-1.93,-4.48
-3.78,8.47,-4.11,0.18,-0.89,-1.96,-4.48
-4.00,9.71,-4.32,0.07,-0.99,-2.01,-4.25
-3.74,7.99,-4.01,0.03,-0.93,-2.22,-4.25
-6.32,7.25,-4.41,-0.08,-0.86,-2.21,-4.25
-5.30,6.85,-4.30,-0.14,-0.82,-2.27,-4.25
-6.66,9.20,-4.61,-0.21,-0.94,-2.27,-4.25
-5.98,12.33,-4.94,-0.31,-0.96,-2.44,-4.17
-5.74,19.30,-5.87,-0.39,-0.95,-2.68,-4.17
-2.03,19.61,-7.52,-0.42,-0.65,-2.91,-4.17
0.10,19.61,-9.28,-0.61,-0.19,-2.71,-3.94
-3.87,3.09,-4.19,-0.89,0.68,-2.72,-3.94
-15.15,-0.40,-9.96,-0.58,1.36,-3.02,-4.55
7.67,0.73,0.01,-1.43,0.96,-0.88,-4.55
7.75,-2.39,-4.78,-1.13,1.75,0.13,-4.55
0.98,-0.16,-5.68,-1.25,2.12,1.48,-4.09
-0.31,-0.12,-3.47,-1.39,1.28,2.62,-4.09
-0.22,-0.73,-2.88,-1.30,0.58,3.48,-4.09
-0.84,-0.12,-2.49,-1.06,0.48,4.01,-4.09
-2.36,0.77,-2.26,-0.85,0.58,4.37,-4.09
-3.78,2.09,-2.38,-0.69,0.79,4.37,-4.48
-3.79,3.83,-2.45,-0.38,0.83,4.37,-4.48
-4.56,6.39,-2.57,-0.06,0.41,4.37,-4.56
-6.89,7.83,-1.23,0.16,0.26,4.37,-4.56
-10.05,9.45,-1.87,0.28,0.37,4.37,-4.56
-10.21,12.10,-2.43,0.09,0.21,4.37,-4.42
-8.87,14.21,-3.02,-0.28,-0.25,4.37,-4.42
-6.90,14.52,-1.41,-0.48,-0.65,4.36,-4.42
-5.67,15.01,-0.14,-0.50,-1.02,3.65,-4.42
-6.41,13.91,-1.38,-0.45,-1.26,2.67,-4.42
-6.44,12.29,-1.42,-0.51,-1.68,1.89,-3.96
-4.25,10.98,-1.69,-0.45,-1.95,1.34,-3.96
-0.61,9.55,-1.41,-0.28,-1.72,0.72,-3.89
0.48,10.53,-2.47,-0.27,-1.39,0.02,-3.89
0.75,9.95,-2.66,-0.45,-0.90,-0.97,-3.89
3.63,3.86,-12.13,-0.37,0.90,-1.57,-4.01
-0.06,4.08,-9.03,0.67,1.28,-3.14,-4.01
15.66,19.61,-0.84,0.28,0.51,-3.00,-4.01
-0.78,10.03,-1.60,0.97,0.54,-3.28,-4.01
-3.43,9.77,-1.06,0.74,0.52,-2.07,-4.01
-4.52,6.17,-7.00,0.84,1.63,-1.70,-3.73
8.03,19.61,-9.02,0.10,1.21,-1.14,-3.73
1.47,15.44,-2.32,0.95,0.40,-2.00,-3.96
-10.48,4.74,-0.86,0.55,0.20,-1.54,-3.96
-3.09,8.63,-8.24,0.40,-0.10,-1.08,-3.96
-3.49,7.96,-4.70,0.17,-0.21,-0.81,-3.74
-0.06,10.12,-3.73,0.26,-0.46,-0.63,-3.74
-1.02,8.32,-4.22,0.33,-0.76,-0.74,-3.74
-2.43,6.48,-4.64,0.31,-0.78,-0.77,-3.74
-0.31,7.62,-3.89,0.34,-0.69,-0.83,-3.74
-1.29,8.61,-3.87,0.41,-0.47,-1.03,-3.84
-1.00,8.71,-3.96,0.55,-0.68,-1.21,-3.84
-1.07,8.30,-3.86,0.60,-0.93,-1.40,-3.89
-2.86,6.24,-4.80,0.65,-0.77,-1.53,-3.89
-2.89,7.81,-4.90,0.48,-0.81,-1.50,-3.89
-1.22,8.66,-6.05,0.41,-0.90,-1.78,-4.09
-2.96,9.76,-4.70,0.28,-1.09,-1.94,-4.09
-3.54,6.95,-4.57,0.26,-0.90,-2.12,-4.09
-5.48,6.44,-4.50,0.20,-0.74,-2.10,-4.09
-4.11,7.54,-5.75,0.16,-0.68,-2.08,-4.09
-5.48,9.10,-6.65,0.17,-0.84,-2.13,-3.88
-4.92,12.73,-6.65,0.10,-1.17,-2.20,-3.88
-3.51,10.89,-5.67,0.01,-1.19,-2.50,-3.88
-6.11,12.33,-5.98,-0.06,-1.04,-2.53,-3.88
-3.26,18.40,-7.66,-0.20,-0.72,-2.57,-3.88
-1.82,19.48,-8.77,-0.30,-0.34,-2.53,-3.86
-1.90,13.10,-9.27,-0.37,-0.32,-2.02,-3.86
1.19,5.19,-6.28,-0.72,0.56,-0.80,-3.91
4.13,-1.75,1.99,-1.38,0.35,0.36,-3.91
3.55,-6.22,1.65,-1.70,0.36,1.27,-3.91
5.16,-3.54,-6.56,-1.68,3.03,2.51,-3.91
2.11,3.58,-1.91,-2.25,2.51,3.34,-3.91
-3.94,5.69,-3.00,-1.96,0.97,3.75,-3.66
-5.85,4.18,-4.43,-1.69,0.39,4.37,-3.66
-5.48,3.62,-2.62,-1.30,0.32,4.37,-3.66
-4.41,5.18,-3.68,-0.77,0.17,4.37,-3.79
-6.47,5.77,-4.35,-0.36,0.40,4.37,-3.79
-9.08,7.47,-4.29,-0.19,0.67,4.37,-3.89
-8.01,9.84,-4.64,0.04,0.69,4.37,-3.89
-7.39,13.87,-4.51,0.10,0.53,4.32,-3.89
-7.27,15.33,-3.02,-0.03,0.30,3.95,-3.89
-6.98,14.20,-1.58,-0.32,-0.10,3.43,-3.89
-6.66,12.65,-1.34,-0.53,-0.45,2.58,-3.72
-4.88,11.57,-2.05,-0.43,-0.81,1.86,-3.72
-3.17,10.84,-2.95,-0.37,-1.20,1.25,-3.72
-2.23,9.42,-2.07,-0.27,-1.42,0.69,-3.67
-1.44,9.75,-2.36,-0.25,-1.56,0.26,-3.67
1.40,10.00,-2.39,-0.33,-1.49,-0.28,-3.84
2.88,9.08,-2.07,-0.40,-1.11,-1.00,-3.84
-0.23,8.21,-1.48,-0.27,-0.73,-1.85,-3.84
-1.81,8.59,-8.45,-0.39,0.23,-2.36,-3.84
3.92,5.23,-7.52,1.22,-0.97,-2.13,-3.84
7.98,17.51,-0.40,0.73,0.20,-2.81,-3.57
8.61,8.08,-4.30,0.99,0.72,-2.30,-3.57
1.79,9.30,-11.19,0.66,1.30,-2.28,-3.57
-2.25,18.44,-6.20,-0.13,1.31,-1.86,-3.58
11.64,19.61,6.94,0.67,0.36,-1.60,-3.58
-6.90,1.16,-8.47,0.92,1.15,-2.44,-3.65
-9.49,7.73,-8.67,0.34,0.62,-1.44,-3.65
-2.35,10.01,-4.63,-0.08,0.01,-1.00,-3.65
-2.64,9.81,-3.74,-0.08,-0.35,-0.87,-3.65
-1.28,8.87,-3.06,-0.03,-0.55,-0.83,-3.65
-1.33,9.02,-4.40,0.03,-0.28,-0.93,-3.55
-0.36,8.68,-3.06,0.04,-0.26,-1.03,-3.55
-0.74,8.50,-2.57,0.16,-0.25,-1.20,-3.55
-2.67,8.55,-3.45,0.28,-0.46,-1.32,-3.31
-2.01,8.04,-2.81,0.29,-0.82,-1.35,-3.31
-2.04,8.15,-3.55,0.47,-0.80,-1.56,-3.43
-3.06,8.26,-3.34,0.38,-1.09,-1.67,-3.43
-1.17,8.66,-3.85,0.40,-1.19,-1.94,-3.43
-3.68,7.39,-4.71,0.37,-1.05,-2.17,-3.43
-3.58,7.88,-4.02,0.23,-0.99,-2.16,-3.43
-4.77,9.42,-4.67,0.22,-0.94,-2.33,-3.34
-4.05,7.92,-4.77,0.15,-1.13,-2.47,-3.34
-8.01,10.41,-2.34,0.00,-1.14,-2.66,-3.34
-4.06,13.46,-6.23,-0.25,-1.16,-2.77,-3.60
-6.30,15.84,-6.81,-0.39,-1.12,-3.09,-3.60
-4.02,19.61,-8.45,-0.52,-0.85,-3.26,-3.55
-3.16,18.42,-10.50,-0.88,0.05,-3.18,-3.55
-5.46,10.34,-8.53,-1.13,0.01,-2.53,-3.55
-2.65,5.23,-8.15,-1.06,0.56,-1.17,-3.55
-0.49,-0.96,0.99,-1.14,0.01,-0.11,-3.55
3.88,-6.51,-1.65,-1.11,0.22,1.58,-3.72
1.57,-5.00,-4.21,-1.03,0.98,2.21,-3.72
4.09,-0.10,-3.41,-1.13,1.84,3.31,-3.72
2.83,2.51,-2.48,-1.08,1.69,3.68,-3.68
-1.98,3.14,-2.76,-0.72,1.46,3.89,-3.68
-2.99,3.97,-2.64,-0.44,1.62,4.37,-3.53
-3.63,5.74,-2.87,-0.14,1.47,4.37,-3.53
-5.51,6.90,-2.79,0.05,1.21,4.37,-3.53
-6.72,7.55,-2.35,0.13,0.78,4.37,-3.79
-8.05,8.62,-2.96,0.09,0.65,4.37,-3.79
-8.66,10.70,-3.59,0.02,0.47,4.37,-3.79
-8.10,13.66,-3.67,-0.13,0.01,4.37,-3.79
-6.22,14.20,-2.04,-0.44,-0.43,4.35,-3.79
-6.14,12.69,-0.64,-0.52,-0.43,3.45,-3.94
-7.16,10.83,-1.53,-0.27,-0.48,2.28,-3.94
-7.92,10.17,-2.82,-0.04,-1.07,1.19,-3.48
-7.32,9.05,-1.36,0.01,-1.49,0.41,-3.48
-5.86,8.67,0.20,-0.01,-1.72,-0.43,-3.48
-4.08,10.26,1.04,-0.11,-2.13,-1.38,-3.14
-2.90,10.56,0.30,-0.18,-2.40,-2.07,-3.14
3.59,10.73,0.44,-1.15,-0.47,-2.26,-3.14
10.49,19.61,-10.52,1.35,1.73,-2.38,-3.14
17.69,10.55,-9.30,0.48,1.62,-3.40,-3.14
-0.44,3.32,-13.14,0.65,2.85,-2.36,-3.21
1.23,19.61,-1.89,-0.52,0.77,-2.24,-3.21
11.51,7.54,-2.47,1.60,0.04,-3.58,-3.13
-14.36,0.24,-2.92,0.86,1.56,-3.87,-3.13
-11.36,7.77,-6.47,0.35,-0.09,-1.68,-3.13
-4.40,9.20,-3.60,0.08,-0.62,-1.06,-3.08
-3.17,8.74,-5.58,0.04,-0.63,-0.84,-3.08
-2.81,8.10,-3.36,0.00,-0.87,-0.74,-3.08
-1.09,8.76,-4.14,0.00,-0.78,-0.91,-3.08
1.01,8.83,-3.04,0.08,-0.58,-1.24,-3.08
1.31,7.60,-3.02,0.30,-0.36,-1.84,-2.98
-4.78,6.63,-3.85,0.30,-0.39,-1.98,-2.98
-1.26,10.05,-3.64,0.27,-0.60,-1.93,-2.99
-4.49,8.41,-3.63,0.36,-0.89,-1.86,-2.99
-2.73,9.60,-4.00,0.40,-1.07,-1.93,-2.99
-4.53,7.32,-4.24,0.37,-0.97,-2.14,-3.00
-5.11,7.98,-4.70,0.31,-1.01,-2.16,-3.00
-4.10,9.97,-5.51,0.26,-1.05,-2.38,-3.00
-5.04,10.92,-6.32,0.14,-1.08,-2.60,-3.00
-5.81,13.78,-7.02,0.02,-1.15,-2.81,-3.00
-5.11,18.11,-7.92,-0.03,-1.17,-3.08,-3.01
-4.47,19.61,-9.78,-0.09,-0.98,-3.02,-3.01
-3.53,14.60,-7.60,-0.37,-0.92,-2.43,-2.98
-5.94,7.53,-7.85,-0.64,-0.45,-1.81,-2.98
-1.32,0.88,-0.80,-0.73,-0.26,-0.65,-2.98
4.06,-2.87,1.51,-0.92,-0.45,0.55,-3.00
6.97,-8.68,-0.75,-0.80,0.59,1.72,-3.00
2.00,-2.21,-3.85,-0.69,2.10,2.69,-3.00
3.94,1.57,-2.66,-1.06,2.21,3.69,-3.00
0.36,3.96,-1.92,-1.04,1.59,3.92,-3.00
-3.28,4.02,-2.41,-0.76,1.25,4.24,-3.13
-3.33,4.81,-1.67,-0.57,1.26,4.37,-3.13
-3.91,6.88,-2.56,-0.41,1.40,4.37,-3.40
-5.69,8.58,-2.07,-0.45,1.20,4.37,-3.40
-6.86,9.30,-1.24,-0.47,0.78,4.37,-3.40
-7.02,11.09,-1.92,-0.61,0.55,4.37,-3.18
-8.49,13.20,-2.76,-0.64,0.77,4.37,-3.18
-10.38,14.28,-4.08,-0.50,0.63,4.37,-2.96
-10.66,13.79,-4.17,-0.44,0.22,3.67,-2.96
-11.55,12.13,-2.56,-0.43,-0.50,2.42,-2.96
-10.66,10.62,-1.16,-0.26,-1.37,1.19,-2.96
-9.55,9.52,0.21,-0.22,-2.00,0.08,-2.96
-8.01,7.71,-0.43,-0.19,-2.28,-1.13,-3.04
-7.08,6.66,-10.98,0.37,-2.25,-1.42,-3.04
6.28,2.06,3.25,0.91,-1.04,-2.35,-3.04
19.61,19.61,-9.08,0.89,0.56,-2.86,-2.94
3.91,7.14,-12.65,1.17,1.83,-3.48,-2.94
-4.52,14.58,-4.97,0.51,1.17,-2.35,-3.04
3.26,19.61,1.72,0.22,0.83,-2.17,-3.04
3.98,13.87,-3.88,1.08,0.72,-2.98,-3.04
-13.97,4.97,-5.11,0.81,0.39,-2.66,-3.04
-7.74,7.47,-6.91,0.33,0.05,-1.40,-3.04
-5.92,9.53,-4.39,-0.01,-0.42,-0.70,-2.70
-4.05,9.24,-4.05,-0.01,-0.62,-0.28,-2.70
0.58,8.92,-4.16,0.01,-0.64,-0.39,-2.70
-0.19,8.89,-4.40,0.03,-0.45,-0.75,-2.62
0.85,8.91,-3.96,0.11,-0.25,-1.13,-2.62
-0.32,9.04,-4.00,0.21,-0.18,-1.50,-2.68
-2.54,8.09,-4.69,0.27,-0.35,-1.65,-2.68
-3.23,8.34,-3.73,0.28,-0.70,-1.62,-2.68
-3.21,7.91,-3.73,0.37,-0.84,-1.70,-2.68
-2.86,8.77,-3.43,0.39,-0.92,-1.80,-2.68
-3.02,7.07,-3.55,0.42,-0.77,-2.05,-2.66
-4.29,7.32,-3.77,0.41,-0.83,-2.15,-2.66
-4.84,6.36,-4.25,0.43,-0.82,-2.26,-2.66
-4.50,9.66,-4.58,0.39,-0.96,-2.31,-2.51
-4.45,8.79,-5.16,0.37,-1.02,-2.61,-2.51
-5.44,12.91,-5.70,0.32,-1.17,-2.70,-2.71
-4.70,14.97,-6.51,0.26,-1.09,-2.96,-2.71
-5.10,18.98,-7.73,0.23,-1.08,-2.99,-2.71
-2.97,19.56,-7.85,0.11,-0.91,-2.72,-2.71
-3.51,11.91,-8.18,-0.11,-0.74,-2.18,-2.71
-1.77,4.64,-6.21,-0.34,0.01,-0.98,-2.81
-0.04,-2.30,-1.44,-0.46,-0.17,0.07,-2.81
2.41,-6.53,1.41,-0.96,-0.83,1.69,-2.81
1.13,-8.36,-5.15,-0.73,0.79,2.50,-2.96
5.22,1.58,-2.27,-0.94,1.77,3.77,-2.96
1.73,5.30,0.03,-1.03,1.55,3.98,-2.89
-3.24,4.23,-1.73,-0.58,1.15,4.23,-2.89
-5.34,4.37,-2.52,-0.55,0.61,4.37,-2.89
-4.90,5.41,-0.11,-0.47,0.03,4.37,-2.89
-3.65,7.86,1.13,-0.33,-0.34,4.37,-2.89
-6.00,9.52,0.15,-0.36,-0.13,4.37,-2.85
-7.24,10.84,-0.22,-0.46,0.40,4.37,-2.85
-6.18,10.81,-1.84,-0.32,1.19,4.37,-2.85
-7.71,11.62,-4.09,-0.14,2.18,3.80,-2.40
-9.71,12.69,-4.78,-0.19,2.39,2.90,-2.40
-10.71,12.15,-2.49,-0.45,1.59,1.74,-2.30
-12.70,10.42,-0.84,-0.41,0.73,0.66,-2.30
-12.46,7.50,-3.04,-0.18,-0.27,-0.25,-2.30
-8.41,5.33,-3.17,-0.03,-0.85,-1.21,-2.12
-10.39,3.03,-17.33,0.74,-0.81,-2.46,-2.12
-1.53,5.71,-16.38,1.62,-0.10,-3.87,-2.12
19.61,19.61,-5.10,1.26,-1.11,-1.91,-2.12
0.39,14.77,-4.12,1.15,1.24,-3.30,-2.12
-6.33,13.03,-3.15,1.02,1.18,-2.34,-2.03
2.61,19.61,-4.66,0.63,0.98,-2.10,-2.03
-1.02,11.78,-4.30,1.39,-0.17,-2.98,-1.91
-12.47,5.04,-5.54,0.93,0.14,-2.07,-1.91
-7.50,6.68,-9.12,0.24,-0.07,-1.06,-1.91
-4.90,9.62,-3.96,0.04,-0.42,-0.54,-2.08
-2.42,9.61,-3.76,0.12,-0.44,-0.30,-2.08
-1.66,8.14,-4.21,0.16,-0.52,-0.43,-2.08
-1.25,8.99,-3.51,0.19,-0.44,-0.61,-2.08
0.53,9.32,-3.84,0.24,-0.34,-0.99,-2.08
-1.93,8.57,-3.73,0.26,-0.36,-1.25,-2.06
-2.10,8.48,-3.62,0.30,-0.62,-1.34,-2.06
-3.18,8.00,-3.87,0.37,-0.80,-1.49,-1.87
-2.56,7.38,-3.58,0.44,-0.98,-1.58,-1.87
-3.75,7.61,-3.47,0.42,-0.88,-1.75,-1.87
-2.92,7.48,-4.10,0.46,-0.86,-1.95,-2.08
-4.00,6.99,-3.82,0.50,-0.92,-2.13,-2.08
-5.39,7.21,-4.27,0.49,-0.90,-2.24,-2.08
-4.30,8.32,-4.58,0.45,-0.94,-2.38,-2.08
-5.02,10.99,-6.02,0.43,-1.03,-2.59,-2.08
-4.70,13.55,-6.59,0.35,-1.12,-2.80,-1.91
-5.36,16.35,-6.73,0.26,-1.17,-2.98,-1.91
-3.71,19.61,-7.94,0.16,-1.02,-2.92,-2.19
-3.43,16.63,-6.86,-0.05,-0.92,-2.53,-2.19
-5.42,8.78,-7.48,-0.22,-0.64,-2.12,-2.19
-1.56,3.64,-5.36,-0.36,-0.04,-1.00,-2.22
2.58,-1.11,-1.89,-0.59,-0.11,0.12,-2.22
4.60,-7.48,-1.21,-1.14,0.05,1.63,-2.22
-2.04,-5.36,-3.96,-1.19,1.58,2.14,-2.22
2.28,3.04,-1.74,-1.71,1.53,3.58,-2.22
0.89,5.03,0.08,-1.75,0.99,3.97,-2.17
-2.99,4.86,-1.82,-1.23,1.08,4.33,-2.17
-6.04,5.17,-3.02,-1.05,1.06,4.37,-2.06
-5.48,6.06,-2.49,-1.02,0.68,4.37,-2.06
-4.77,7.89,-2.36,-0.81,0.49,4.37,-2.06
-6.04,9.58,-2.28,-0.77,0.79,4.37,-1.85
-5.86,11.07,-2.25,-0.92,1.20,4.37,-1.85
-5.59,12.04,-3.08,-0.93,1.80,4.37,-1.85
-5.92,13.55,-4.46,-0.75,2.35,4.14,-1.85
-5.28,13.08,-5.77,-0.62,2.75,3.42,-1.85
-6.11,10.55,-4.68,-0.45,2.69,2.34,-1.87
-8.51,8.23,-3.76,-0.16,2.30,1.15,-1.87
-10.13,7.50,-3.00,0.10,1.23,0.18,-1.73
-9.03,5.89,-1.74,0.21,0.22,-0.46,-1.73
-8.23,5.63,-1.07,0.14,-0.71,-1.10,-1.73
-5.60,6.37,-0.31,0.18,-1.36,-1.57,-1.78
-17.09,9.87,-5.72,-0.05,-1.89,-2.94,-1.78
-0.55,19.61,-13.00,0.71,-0.39,-3.57,-1.74
19.61,17.68,-12.08,1.55,-0.80,-2.01,-1.74
1.31,10.05,-5.60,1.15,1.51,-2.49,-1.74
-1.71,14.09,-7.09,0.93,1.31,-1.81,-1.74
15.73,19.61,3.90,1.01,1.25,-1.72,-1.74
-7.73,0.85,-8.00,1.18,0.64,-2.99,-1.51
-14.61,5.09,-9.96,0.76,0.07,-1.52,-1.51
-6.59,7.35,-5.87,0.09,-0.26,-0.36,-1.51
-5.08,9.09,-4.86,0.06,-0.38,0.13,-1.59
-4.04,9.05,-5.14,-0.15,-0.13,0.54,-1.59
-2.84,10.86,-4.33,-0.35,-0.09,0.72,-1.62
-1.07,10.92,-4.45,-0.38,-0.02,0.64,-1.62
-1.33,8.29,-3.60,-0.37,0.22,0.50,-1.62
-1.67,7.82,-3.93,-0.40,0.28,0.54,-1.62
-3.28,8.27,-3.40,-0.47,-0.01,0.67,-1.62
-3.06,8.83,-3.34,-0.45,-0.56,0.84,-1.62
0.25,8.96,-2.79,-0.40,-0.75,0.82,-1.62
2.04,9.08,-3.09,-0.32,-0.53,0.53,-1.62
2.18,8.83,-2.05,-0.20,-0.23,0.15,-1.90
1.66,9.26,-2.47,-0.09,-0.04,-0.21,-1.90
2.44,10.05,-4.28,-0.09,-0.11,-0.56,-1.78