3.54,10.43,-2.58,-0.01,0.04,-1.07,0.42
1.10,10.80,-3.15,0.01,0.13,-1.26,0.42
0.24,9.29,-4.91,0.19,0.01,-1.26,0.42
-1.53,11.01,-4.72,0.17,-0.63,-1.13,0.42
-1.98,10.16,-3.23,0.11,-1.33,-0.99,0.46
-0.45,9.30,-2.93,0.26,-1.44,-0.89,0.46
2.60,8.89,-3.17,0.41,-0.84,-0.63,0.46
5.41,7.75,-2.72,0.56,0.23,-0.51,0.17
4.40,7.50,-2.51,0.75,1.24,-0.42,0.17
1.83,8.33,-2.36,0.79,1.76,-0.14,0.32
0.57,8.97,-1.92,0.71,1.72,0.24,0.32
0.46,9.49,-1.77,0.55,1.39,0.65,0.32
0.58,9.43,-1.52,0.41,1.01,1.05,0.21
0.77,9.77,-1.52,0.28,0.65,1.41,0.21
1.77,9.95,-1.50,0.18,0.38,1.75,0.21
2.81,10.18,-1.31,0.14,0.33,1.98,0.21
4.04,10.27,-1.19,0.09,0.45,2.15,0.21
4.84,10.80,-1.21,0.04,0.75,2.25,0.51
5.28,11.20,-0.96,-0.10,1.05,2.26,0.51
4.54,10.74,-0.89,-0.14,1.43,2.14,0.41
3.81,10.95,-1.15,-0.20,1.65,2.07,0.41
2.90,10.95,-1.16,-0.29,1.71,2.00,0.41
0.98,10.53,-0.81,-0.39,1.46,1.97,0.15
-0.97,9.76,-0.81,-0.44,0.89,1.95,0.15
-1.69,8.74,-0.87,-0.45,0.15,1.80,0.15
-1.04,8.84,-1.37,-0.35,-0.33,1.49,0.15
0.91,9.05,-1.91,-0.29,-0.57,1.00,0.15
0.71,8.54,-1.83,-0.17,-0.49,0.29,0.18
0.39,8.59,-2.43,-0.04,-0.28,-0.46,0.18
0.10,9.00,-3.75,0.09,0.10,-1.22,0.12
-1.01,7.95,-4.62,0.20,0.47,-1.84,0.12
-3.89,9.72,-6.94,0.46,0.34,-2.31,0.12
2.74,13.62,0.39,0.13,-1.12,-1.31,0.41
6.25,10.01,-0.54,0.25,-1.61,-1.77,0.41
4.06,8.43,-0.10,0.56,-0.87,-2.04,0.41
1.29,8.40,0.63,0.58,-0.14,-2.05,0.41
-2.25,7.71,-4.18,0.92,0.70,-1.80,0.41
-3.30,11.83,-5.31,1.05,0.80,-1.69,0.28
-7.26,10.97,-2.35,0.68,-0.24,-1.42,0.28
-3.66,9.79,-3.69,0.58,-1.34,-1.00,-0.08
0.20,10.18,-3.78,0.41,-1.58,-0.80,-0.08
2.21,9.78,-2.71,0.47,-0.85,-0.83,-0.08
0.22,9.73,-2.72,0.52,-0.19,-0.95,0.24
-2.77,10.51,-4.20,0.45,-0.15,-0.85,0.24
-2.88,9.90,-4.69,0.28,-0.53,-0.57,0.24
-1.70,9.71,-4.98,0.15,-0.76,-0.41,0.24
-0.66,9.62,-4.71,0.02,-0.86,-0.34,0.24
0.59,9.34,-4.62,-0.00,-0.77,-0.37,0.30
0.05,9.22,-3.72,-0.08,-0.62,-0.45,0.30
0.07,9.08,-3.08,-0.09,-0.67,-0.51,0.29
0.79,9.22,-3.12,-0.03,-0.78,-0.58,0.29
0.82,9.19,-3.43,-0.03,-0.85,-0.71,0.29
0.85,9.16,-3.83,-0.12,-0.94,-0.80,0.51
0.51,8.69,-3.12,-0.05,-0.87,-0.95,0.51
0.28,9.02,-3.71,-0.18,-0.86,-1.05,0.42
-0.19,9.57,-3.26,-0.12,-0.77,-1.18,0.42
-0.72,10.68,-2.61,-0.22,-0.90,-1.29,0.42
1.03,11.04,-3.13,-0.31,-1.00,-1.44,0.42
1.55,11.22,-2.72,-0.29,-0.77,-1.76,0.42
1.03,11.88,-2.09,-0.34,-0.71,-2.08,0.24
1.20,12.56,-2.15,-0.30,-0.74,-2.37,0.24
1.76,13.80,-2.76,-0.23,-0.77,-2.71,0.24
1.18,15.46,-3.50,-0.20,-0.80,-2.93,0.15
1.66,18.05,-4.22,-0.14,-0.99,-2.87,0.15
5.80,17.84,-3.04,-0.07,-1.39,-2.71,0.08
9.69,18.07,-2.16,0.07,-1.72,-2.58,0.08
4.13,17.42,-3.08,0.16,-1.33,-3.04,0.08
-4.10,18.59,-6.74,0.20,-0.57,-3.38,0.08
2.05,11.31,-8.27,0.43,0.24,-2.83,0.08
3.76,7.08,-7.33,0.39,1.07,-1.95,-0.06
-7.35,1.79,-3.80,0.40,0.84,-1.55,-0.06
0.32,8.56,-10.37,0.19,2.29,-0.28,-0.06
2.52,4.38,-2.83,-0.61,2.03,1.52,-0.01
-3.31,3.20,-2.01,-0.44,2.12,1.99,-0.01
-3.57,4.30,-4.00,-0.59,1.54,3.00,-0.19
-3.85,4.76,-3.13,-0.89,1.41,3.81,-0.19
-4.71,4.67,-2.56,-1.12,1.22,4.37,-0.19
-4.23,4.77,-2.39,-1.22,0.68,4.37,-0.19
-4.51,5.05,-2.24,-1.07,0.19,4.37,-0.19
-4.75,6.62,-1.98,-0.80,-0.03,4.37,-0.63
-5.72,10.13,-2.74,-0.61,-0.52,4.37,-0.63
-5.69,11.67,-2.28,-0.25,-0.76,4.37,-0.63
-2.33,13.47,-1.54,0.25,-0.43,4.37,-0.57
1.06,15.25,-3.09,0.42,0.44,4.37,-0.57
-0.20,17.39,-2.63,0.28,1.64,4.37,-0.21
-4.12,15.25,-1.80,0.27,2.50,3.04,-0.21
-12.61,11.93,-4.02,0.27,2.74,0.98,-0.21
-16.59,8.58,-5.69,0.38,1.99,-1.05,-0.21
-17.43,8.57,-6.49,0.61,0.69,-2.19,-0.21
-9.92,12.21,-5.65,0.63,-0.29,-2.61,0.12
14.39,19.61,7.83,-0.53,-0.22,-1.48,0.12
17.64,12.42,5.42,0.32,0.17,-2.74,0.12
-3.19,9.14,-3.68,1.18,2.32,-4.14,0.24
-8.39,7.88,-5.17,1.74,2.45,-3.67,0.24
-13.00,5.71,-9.24,1.71,1.77,-2.78,0.33
-17.57,12.90,-9.27,0.91,-0.91,-1.61,0.33
-7.99,12.61,-2.86,-0.05,-3.48,-1.10,0.33
1.47,8.89,-0.16,0.10,-2.88,-0.78,0.29
5.59,11.72,-2.36,0.54,-1.05,-1.10,0.29
0.03,9.86,-3.89,0.28,-0.17,-1.47,0.29
-2.44,8.99,-5.29,0.25,0.03,-1.21,0.29
-3.13,9.88,-5.24,0.10,-0.13,-0.89,0.29
-3.06,8.83,-5.56,-0.11,-0.65,-0.68,0.34
-2.97,8.77,-4.98,-0.16,-1.32,-0.55,0.34
1.38,9.47,-2.85,-0.14,-1.31,-0.52,0.53
2.54,9.62,-2.14,-0.03,-0.84,-0.74,0.53
1.10,9.00,-2.38,0.08,-0.44,-1.01,0.53
-0.78,9.17,-2.91,0.11,-0.35,-1.14,0.44
-1.98,8.62,-2.70,0.02,-0.67,-1.11,0.44
-2.55,8.88,-2.40,0.02,-1.02,-1.07,0.44
-0.14,10.20,-2.38,-0.03,-1.06,-1.13,0.44
-0.02,10.56,-3.61,-0.07,-0.90,-1.31,0.44
0.37,11.49,-3.86,-0.20,-1.02,-1.49,0.26
1.38,11.12,-3.20,-0.23,-1.07,-1.76,0.26
2.06,12.53,-2.56,-0.18,-1.20,-2.23,0.51
2.88,14.20,-2.79,-0.15,-1.20,-2.63,0.51
2.75,16.24,-3.60,-0.12,-1.11,-3.03,0.51
1.02,17.89,-3.66,-0.03,-1.20,-3.15,0.75
4.48,19.61,-4.91,-0.09,-1.43,-2.88,0.75
10.64,18.65,-4.32,0.04,-1.64,-2.64,0.75
7.73,17.58,-4.67,0.13,-1.84,-2.72,0.75
-1.42,16.87,-5.28,-0.02,-0.91,-3.35,0.75
-0.23,14.10,-8.53,0.26,-0.09,-3.02,0.05
6.12,8.84,-7.54,0.37,0.82,-2.08,0.05
-7.34,1.84,-2.87,0.46,0.75,-1.59,0.03
-7.56,8.06,-10.80,0.95,1.53,-0.63,0.03
3.91,9.11,-4.16,-0.58,1.40,1.41,0.03
-0.27,2.72,-2.07,-0.80,1.25,2.07,0.04
-1.18,3.37,-3.17,-0.45,2.01,2.99,0.04
-1.98,5.12,-4.59,-0.61,2.19,3.67,0.04
-4.54,5.62,-2.63,-0.98,2.25,4.37,0.04
-5.71,5.09,-2.33,-1.12,1.46,4.37,0.04
-5.07,6.21,-2.70,-1.28,0.67,4.37,0.60
-6.46,6.40,-2.02,-1.03,0.21,4.37,0.60
-7.92,8.44,-3.36,-0.76,-0.61,4.37,-0.53
-6.43,9.64,-2.44,-0.18,-0.84,4.37,-0.53
-1.80,10.89,-1.98,0.55,-0.43,4.37,-0.53
2.58,14.52,-4.75,0.87,0.81,4.37,-0.22
-2.33,19.05,-4.12,0.65,1.92,4.37,-0.22
-5.71,16.81,-2.74,0.24,2.57,3.19,0.21
-11.71,11.48,-5.29,0.37,3.04,1.20,0.21
-19.58,6.74,-6.49,0.63,2.68,-1.02,0.21
-19.61,9.48,-5.87,0.68,0.85,-2.33,0.21
-14.43,13.56,-4.92,0.66,-0.96,-2.87,0.21
19.61,19.61,13.37,-0.67,-1.50,-0.82,0.52
19.61,13.76,3.18,0.38,0.40,-3.42,0.52
-5.87,7.39,-6.40,1.47,2.93,-4.37,0.52
-11.08,7.33,-6.19,1.94,2.96,-4.09,0.69
-18.11,6.14,-10.73,1.65,1.34,-2.72,0.69
-13.92,13.62,-8.42,0.59,-2.42,-1.40,0.37
-5.73,12.51,-4.95,-0.43,-4.21,-1.13,0.37
3.09,8.54,-0.17,0.16,-2.78,-0.92,0.37
6.16,11.35,-4.53,0.39,-0.65,-1.37,0.37
-3.65,8.93,-3.32,0.33,-0.03,-1.46,0.37
-3.07,9.60,-4.57,0.20,0.01,-1.02,0.40
-3.24,9.96,-4.94,0.13,-0.36,-0.81,0.40
-4.59,9.25,-4.78,-0.09,-1.44,-0.61,0.40
-0.53,8.44,-4.57,-0.09,-1.63,-0.41,0.48
2.62,9.88,-3.48,-0.07,-1.17,-0.60,0.48
2.05,9.72,-2.54,0.02,-0.57,-0.95,0.63
-0.25,8.63,-1.37,0.17,-0.33,-1.16,0.63
-1.72,11.15,-6.01,-0.06,-0.62,-1.12,0.63
-2.13,8.22,-3.48,0.07,-0.76,-1.14,0.63
-2.41,10.62,-2.65,-0.13,-1.16,-1.09,0.63
1.03,11.24,-2.91,-0.23,-1.22,-1.23,0.44
1.97,11.07,-3.05,-0.20,-1.14,-1.51,0.44
2.64,11.42,-3.18,-0.23,-1.10,-1.85,0.44
1.06,12.89,-3.55,-0.24,-1.05,-2.25,0.58
1.30,13.84,-2.90,-0.20,-1.44,-2.48,0.58
2.23,15.45,-2.82,-0.16,-1.54,-2.71,0.59
2.14,15.84,-2.58,-0.16,-1.63,-2.73,0.59
5.48,19.61,-4.67,-0.06,-1.97,-2.43,0.59
13.05,17.88,-4.30,-0.05,-2.11,-2.24,0.51
7.24,17.29,-2.06,0.03,-1.61,-2.88,0.51
-3.66,15.28,-7.79,0.17,-0.37,-3.65,0.59
-0.22,13.43,-9.82,0.30,0.23,-2.96,0.59
3.13,7.99,-7.64,0.43,0.94,-2.33,0.59
-11.73,3.30,-4.75,1.13,0.45,-2.35,0.37
-3.35,16.00,-13.17,0.38,1.53,-1.00,0.37
2.60,4.09,0.51,-0.90,1.22,0.89,0.01
-1.75,3.33,-0.50,-0.31,1.94,1.51,0.01
-2.17,4.91,-4.09,-0.38,2.05,2.33,0.01
-2.81,4.64,-2.54,-0.74,2.04,3.12,0.38
-3.78,4.62,-2.92,-0.97,2.01,3.92,0.38
-4.40,4.68,-2.83,-1.16,1.70,4.37,0.38
-6.36,4.46,-2.11,-1.25,1.02,4.37,0.38
-6.87,4.50,-1.38,-1.14,0.15,4.37,0.38
-6.74,5.09,-2.30,-0.87,-0.60,4.37,0.18
-5.20,6.62,-2.00,-0.41,-0.80,4.37,0.18
-3.03,9.13,-0.86,0.23,-0.59,4.37,-0.77
-0.79,13.11,-1.83,0.64,-0.04,4.37,-0.77
1.40,17.26,-3.15,0.59,0.93,4.37,-0.77
0.89,19.61,-3.01,0.17,2.21,4.37,0.16
-6.13,15.70,-3.07,0.20,3.16,2.77,0.16
-15.02,8.92,-4.49,0.31,3.60,0.12,0.16
-19.61,8.40,-7.36,0.42,2.75,-2.01,0.16
-19.61,8.28,-5.30,0.68,0.66,-2.81,0.16
-3.11,19.61,-4.70,0.31,-0.60,-2.40,0.35
19.61,19.61,8.61,-0.18,-2.15,-1.25,0.35
3.70,9.39,-4.84,1.31,1.30,-4.37,0.25
-7.45,6.70,-3.62,1.71,2.12,-4.37,0.25
-15.50,3.60,-6.72,1.97,2.22,-3.68,0.25
-19.61,13.34,-11.00,1.23,-0.71,-1.82,0.55
-10.55,11.70,-2.76,0.36,-3.84,-1.13,0.55
3.21,9.15,-1.14,0.48,-2.56,-0.81,0.55
6.21,12.44,-6.75,0.61,-0.83,-1.20,0.55
-2.64,10.18,-2.37,0.47,-0.35,-1.44,0.55
-4.89,9.87,-5.32,0.32,-0.51,-1.03,0.45
-1.89,9.04,-5.24,0.21,-0.42,-0.74,0.45
-2.17,8.77,-5.87,0.03,-0.71,-0.61,0.78
-3.26,8.68,-5.62,-0.04,-1.21,-0.51,0.78
-0.66,8.37,-4.24,-0.17,-1.40,-0.40,0.78
2.19,9.20,-2.89,-0.09,-1.30,-0.52,0.65
2.69,9.11,-2.34,-0.05,-0.76,-0.85,0.65
0.62,9.14,-3.62,-0.09,-0.45,-1.12,0.79
-1.08,9.03,-3.83,-0.18,-0.61,-1.16,0.79
-1.66,8.81,-3.13,-0.17,-0.87,-1.19,0.79
-0.86,10.50,-3.21,-0.23,-1.10,-1.25,0.79
-0.41,11.38,-3.14,-0.31,-1.15,-1.43,0.79
0.90,11.56,-3.00,-0.35,-1.24,-1.64,0.41
2.53,12.26,-2.71,-0.31,-1.08,-2.04,0.41
3.64,13.71,-2.87,-0.25,-1.14,-2.52,0.41
4.20,14.68,-2.47,-0.13,-1.20,-3.01,0.60
2.74,17.24,-2.71,0.00,-1.14,-3.30,0.60
3.66,19.61,-3.86,0.06,-1.45,-3.08,0.46
8.51,19.61,-4.19,0.03,-1.86,-2.69,0.46
10.15,17.35,-4.29,0.20,-2.25,-2.67,0.46
-0.08,16.47,-4.71,0.07,-0.99,-3.49,0.46
-1.78,13.58,-8.20,0.43,0.19,-3.19,0.46
2.47,9.62,-6.69,0.42,0.86,-2.09,0.36
-6.04,3.81,-4.10,0.23,0.60,-1.66,0.36
-6.82,7.71,-11.97,0.65,1.31,-0.71,0.36
4.22,9.13,-4.97,-1.14,1.51,1.07,0.33
-1.31,1.10,-0.18,-1.07,1.93,2.05,0.33
-1.66,3.44,-2.29,-0.51,2.52,2.86,0.29
-2.15,4.51,-4.43,-0.74,2.32,3.54,0.29
-4.50,5.23,-2.43,-1.17,2.13,4.29,0.29
-5.98,5.40,-1.83,-1.35,1.48,4.37,0.29
-6.82,5.31,-2.49,-1.47,0.45,4.37,0.29
-6.31,4.78,-1.16,-1.32,-0.34,4.37,-0.04
-5.58,6.19,-1.07,-0.83,-0.72,4.37,-0.04
-6.17,9.43,-2.23,-0.30,-1.22,4.37,-0.04
-2.14,11.00,-1.43,0.24,-0.98,4.37,0.08
2.33,16.53,-3.32,0.75,0.15,4.37,0.08
2.90,19.61,-3.55,0.23,1.86,4.37,0.35
-5.79,18.23,-3.01,0.21,2.78,3.26,0.35
-12.54,9.57,-5.15,0.28,3.35,0.77,0.35
-19.29,7.09,-8.58,0.51,3.40,-1.95,0.35
-19.61,6.88,-5.34,0.70,1.54,-2.91,0.35
-11.60,14.37,-6.55,0.59,-0.42,-2.92,0.28
19.37,19.61,13.14,-0.56,-1.89,-0.50,0.28
16.00,15.32,3.99,0.59,-0.37,-3.32,0.28
-3.17,7.63,-11.27,1.66,2.39,-4.36,0.66
-8.20,6.87,-5.47,2.15,2.75,-4.21,0.66
-19.61,8.05,-11.67,1.72,1.25,-3.07,0.45
-19.61,18.33,-3.43,-0.12,-2.70,-1.32,0.45
-1.10,7.35,-2.40,0.04,-4.37,-0.80,0.45
8.32,11.18,-3.16,0.62,-1.99,-0.81,0.54
2.57,10.63,-3.63,0.36,-0.15,-1.59,0.54
-3.95,10.40,-4.81,0.40,-0.22,-1.42,0.54
-4.30,8.53,-4.52,0.23,-0.40,-0.99,0.54
-2.93,9.28,-4.24,0.18,-0.32,-0.66,0.54
-3.48,8.89,-4.25,0.06,-0.67,-0.54,0.68
-2.73,9.02,-5.09,-0.03,-1.18,-0.44,0.68
-0.20,9.11,-3.46,-0.05,-1.22,-0.43,0.58
1.41,9.71,-2.72,-0.04,-1.04,-0.56,0.58
1.54,9.38,-2.55,0.05,-0.72,-0.79,0.58
0.90,8.81,-3.35,-0.05,-0.43,-0.99,0.49
-2.31,9.02,-3.17,-0.05,-0.43,-1.05,0.49
-2.46,9.49,-1.99,-0.06,-0.83,-0.97,0.49
-0.45,10.43,-2.50,-0.11,-1.03,-1.05,0.49
0.75,11.07,-3.37,-0.18,-1.05,-1.26,0.49
1.76,11.35,-3.86,-0.21,-1.00,-1.52,0.80
1.99,11.19,-2.87,-0.17,-1.00,-1.88,0.80
2.83,12.71,-2.66,-0.13,-1.06,-2.37,0.77
3.10,14.81,-3.57,-0.14,-1.08,-2.80,0.77
0.85,16.17,-3.12,-0.06,-1.19,-3.06,0.77
2.62,19.61,-4.84,0.03,-1.51,-2.99,0.65
7.02,19.61,-4.68,0.06,-2.02,-2.81,0.65
9.20,17.86,-3.68,0.09,-2.53,-2.61,0.65
5.69,16.00,-4.02,0.03,-2.23,-2.80,0.65
-3.73,15.42,-6.62,0.20,-0.67,-3.29,0.65
1.54,11.63,-8.54,0.36,0.26,-2.56,0.87
2.93,7.36,-5.25,0.17,0.93,-1.80,0.87
-11.31,0.37,-4.38,0.67,0.51,-1.52,0.13
-2.45,9.69,-11.27,0.21,2.14,-0.22,0.13
2.44,3.47,-2.32,-0.88,2.16,1.52,0.13
-2.13,2.22,-1.98,-0.53,2.65,2.15,0.44
-2.42,3.77,-2.06,-0.39,2.87,2.99,0.44
-3.11,4.32,-3.70,-0.55,2.46,3.67,0.44
-5.44,5.89,-2.30,-1.00,2.13,4.37,0.44
-6.64,5.60,-1.85,-1.27,1.20,4.37,0.44
-7.19,5.62,-1.56,-1.40,0.08,4.37,0.40
-5.28,4.59,-0.94,-1.11,-0.44,4.37,0.40
-5.47,7.99,-2.12,-0.64,-0.91,4.37,0.04
-5.66,10.91,-2.67,-0.14,-1.24,4.37,0.04
-1.63,13.26,-1.03,0.47,-0.79,4.37,0.04
3.39,15.83,-3.67,0.84,0.54,4.37,0.03
-0.34,18.61,-4.11,0.50,1.76,4.37,0.03
-6.70,17.48,-2.60,0.37,2.25,2.87,0.34
-12.19,8.90,-5.06,0.16,2.66,0.46,0.34
-16.12,6.61,-6.47,0.59,2.75,-2.06,0.34
-19.61,8.73,-6.40,0.82,1.44,-2.96,0.34
-8.60,13.58,-5.24,0.52,-0.02,-2.80,0.34
19.61,19.61,11.59,-0.55,-1.73,-0.57,0.62
12.45,12.18,1.55,0.51,-0.02,-3.40,0.62
-4.65,9.12,-8.31,1.44,2.16,-4.05,0.62
-8.48,8.41,-5.34,1.85,2.60,-3.91,0.46
-19.61,7.15,-7.66,1.40,1.49,-2.75,0.46
-15.07,14.34,-3.48,0.31,-1.99,-1.22,0.31
-3.20,8.79,-4.11,0.29,-3.56,-0.95,0.31
3.05,9.91,-2.01,0.36,-2.27,-0.68,0.31
4.72,11.48,-4.09,0.52,-0.74,-1.10,0.31
-1.56,9.38,-3.83,0.46,-0.14,-1.30,0.31
-3.30,9.56,-5.08,0.34,-0.11,-0.94,0.73
-2.35,9.41,-5.07,0.20,-0.22,-0.67,0.73
-2.34,8.86,-5.44,0.03,-0.62,-0.54,0.73
-2.72,9.00,-5.25,-0.09,-1.25,-0.44,0.63
0.60,8.86,-3.43,-0.13,-1.54,-0.39,0.63
2.98,9.36,-3.06,-0.08,-1.19,-0.62,0.56
2.61,8.78,-3.78,-0.06,-0.76,-0.90,0.56
0.31,8.49,-3.21,-0.02,-0.52,-1.10,0.56
-2.52,9.06,-2.81,-0.00,-0.71,-1.14,0.56
-2.29,9.43,-3.11,-0.10,-1.16,-1.08,0.56
-0.54,10.28,-2.89,-0.13,-1.24,-1.14,0.19
0.31,11.10,-4.08,-0.26,-1.20,-1.29,0.19
2.42,10.47,-2.95,-0.31,-1.13,-1.51,0.19
1.40,11.20,-2.99,-0.34,-0.94,-1.97,0.37
1.35,12.53,-2.26,-0.25,-1.01,-2.40,0.37
2.10,14.54,-2.18,-0.18,-1.35,-2.80,0.42
2.71,16.96,-3.51,-0.13,-1.42,-3.12,0.42
2.52,19.06,-3.64,-0.02,-1.50,-3.18,0.42
6.23,19.61,-4.07,-0.10,-1.79,-2.90,0.42
10.24,18.10,-2.38,-0.06,-2.01,-2.65,0.42
7.07,18.50,-5.00,0.08,-1.69,-2.99,0.48
-2.23,14.92,-7.50,0.11,-0.26,-3.72,0.48
0.30,11.63,-8.62,0.38,0.69,-3.04,0.48
1.94,8.45,-6.25,0.29,1.33,-1.95,0.05
-9.66,1.33,-3.17,0.32,0.83,-1.53,0.05
-4.79,9.55,-12.01,0.32,2.01,-0.24,0.29
1.04,6.36,-3.83,-1.16,1.64,1.34,0.29
-3.77,1.67,-1.02,-1.15,1.73,2.22,0.29
-2.51,2.32,-1.53,-0.74,2.07,3.18,0.40
-1.49,3.18,-3.81,-0.72,1.88,3.83,0.40
-3.99,4.05,-3.22,-1.17,1.96,4.37,0.40
-6.03,4.45,-2.38,-1.30,1.36,4.37,0.40
-7.19,4.66,-2.11,-1.32,0.08,4.37,0.40
-5.27,3.89,-0.90,-0.93,-0.49,4.37,0.16
-6.21,7.91,-2.22,-0.48,-1.11,4.37,0.16
-4.89,10.94,-2.88,-0.05,-1.29,4.37,-0.19
-1.46,13.97,-1.05,0.59,-0.89,4.37,-0.19
2.41,17.41,-3.21,0.82,0.10,4.37,-0.19
2.53,18.43,-2.76,0.23,1.59,4.37,0.15
-2.27,16.18,-2.38,0.41,2.91,2.80,0.15
-13.14,9.77,-4.39,0.35,3.63,0.16,0.15
-17.70,8.11,-6.59,0.47,3.34,-1.90,0.15
-19.61,7.92,-6.09,0.62,1.59,-2.72,0.15
-14.69,11.16,-7.27,0.64,-0.39,-2.80,0.40
14.82,19.61,9.27,-0.56,-1.88,-0.65,0.40
17.07,14.50,0.75,0.47,-0.43,-3.27,0.50
-1.86,9.02,-7.85,1.35,2.15,-4.26,0.50
-9.71,7.15,-4.78,1.66,2.64,-4.12,0.50
-18.97,4.92,-7.63,1.70,1.89,-2.84,0.75
-15.54,14.37,-7.55,0.70,-1.49,-1.32,0.75
-5.48,11.55,-3.32,0.24,-3.56,-0.99,0.75
2.34,9.64,-1.33,0.37,-2.40,-0.71,0.75
4.30,12.32,-3.46,0.62,-0.97,-1.06,0.75
-1.70,9.69,-4.22,0.44,-0.32,-1.33,0.91
-3.39,9.25,-5.02,0.32,-0.18,-0.96,0.91
-2.49,9.62,-5.50,0.12,-0.30,-0.64,0.90
-2.05,8.90,-6.27,-0.15,-0.77,-0.51,0.90
-2.22,8.54,-5.31,-0.26,-1.38,-0.44,0.90
0.75,8.69,-3.12,-0.19,-1.44,-0.44,0.74
2.79,8.82,-1.84,-0.09,-1.00,-0.66,0.74
2.47,9.03,-2.95,-0.05,-0.50,-1.01,0.74
0.39,8.48,-3.02,-0.07,-0.34,-1.21,0.74
-1.62,8.61,-2.83,-0.08,-0.56,-1.26,0.74
-2.50,9.29,-2.71,-0.11,-0.98,-1.25,0.79
-0.72,10.14,-2.83,-0.12,-1.19,-1.27,0.79
0.60,11.14,-3.15,-0.20,-1.11,-1.47,0.65
0.22,10.99,-2.98,-0.19,-0.99,-1.67,0.65
0.60,11.74,-2.48,-0.23,-0.97,-1.98,0.65
2.15,12.70,-2.68,-0.16,-1.08,-2.39,0.69
2.81,15.92,-3.54,-0.16,-1.20,-2.86,0.69
2.14,18.75,-4.12,-0.16,-1.33,-3.19,0.55
3.78,19.61,-5.26,-0.10,-1.48,-3.18,0.55
7.08,19.61,-5.50,0.03,-1.99,-2.99,0.55
10.94,18.70,-6.05,0.04,-2.70,-2.61,0.55
3.98,13.85,-1.69,-0.09,-2.54,-2.95,0.55
-5.93,13.07,-6.29,0.38,-0.65,-3.11,0.88
1.63,10.65,-9.09,0.53,0.29,-2.03,0.88
0.58,5.91,-4.45,0.22,0.51,-1.45,0.88
-12.10,-0.40,-6.49,0.92,0.01,-0.93,0.42
0.37,11.42,-8.19,-0.20,1.50,0.59,0.42
4.48,1.31,-0.92,-0.67,1.71,2.38,0.58
0.80,2.80,-1.12,0.01,3.04,2.68,0.58
-0.75,4.87,-3.54,0.03,3.14,3.20,0.58
-3.80,6.38,-3.21,-0.40,3.09,3.87,0.58
-5.79,6.62,-1.83,-0.84,2.46,4.37,0.58
-6.16,7.02,-2.34,-1.07,1.31,4.37,0.47
-6.04,5.81,-1.38,-1.18,0.55,4.37,0.47
-5.51,6.74,-1.33,-0.76,-0.03,4.37,0.47
-6.23,9.81,-2.07,-0.38,-0.51,4.37,-0.12
-3.56,12.13,-1.28,0.06,-0.58,4.37,-0.12
0.79,16.68,-1.49,0.55,-0.03,4.37,0.14
2.89,19.36,-3.77,0.09,0.85,4.37,0.14
1.07,16.97,-0.19,-0.08,2.12,4.19,0.14
-8.22,13.49,-5.17,0.21,2.91,1.77,0.14
-15.75,7.80,-5.78,0.34,3.31,-0.90,0.14
-19.61,7.99,-6.70,0.31,2.25,-2.54,0.38
-17.73,7.96,-6.18,0.74,0.54,-2.81,0.38
0.50,19.61,-3.89,0.17,-0.14,-2.43,0.38
19.61,17.40,9.96,-0.19,-1.65,-1.45,0.42
3.45,10.06,-4.54,1.07,1.31,-4.30,0.42
-7.96,7.39,-5.04,1.71,2.27,-4.23,0.63
-13.51,6.07,-5.43,1.79,2.32,-3.58,0.63
-19.61,11.83,-8.86,1.34,0.01,-1.94,0.63
-11.04,11.43,-3.93,0.31,-3.36,-1.04,0.51
1.15,9.75,-2.59,0.36,-3.20,-0.72,0.51
5.68,11.64,-3.56,0.67,-1.10,-0.91,0.51
0.35,10.36,-3.65,0.44,-0.25,-1.29,0.51
-3.96,10.27,-6.52,0.20,-0.35,-1.06,0.51
-2.75,8.70,-4.73,-0.08,-0.53,-0.66,0.57
-1.84,9.13,-4.66,-0.11,-0.58,-0.47,0.57
-2.57,8.97,-5.50,-0.19,-1.02,-0.39,0.49
-0.96,8.96,-4.74,-0.26,-1.49,-0.32,0.49
1.53,9.10,-2.70,-0.20,-1.41,-0.40,0.49
2.79,9.14,-2.83,-0.15,-0.95,-0.64,0.69
2.18,8.89,-2.69,-0.10,-0.55,-0.94,0.69
-0.55,8.88,-2.48,-0.06,-0.45,-1.13,0.69
-2.26,8.84,-1.90,-0.05,-0.72,-1.16,0.69
-1.23,9.46,-1.67,-0.04,-0.97,-1.17,0.69
0.32,10.21,-2.75,-0.04,-0.90,-1.34,0.57
0.30,11.03,-3.09,-0.11,-0.84,-1.59,0.57
0.49,11.45,-2.39,-0.14,-0.94,-1.82,0.63
1.98,12.10,-2.69,-0.13,-1.11,-2.14,0.63
2.64,12.98,-2.32,-0.12,-1.10,-2.58,0.63
2.76,15.62,-3.29,-0.15,-1.06,-3.00,0.48
0.94,17.38,-4.35,-0.07,-1.21,-3.24,0.48
2.35,19.61,-4.99,-0.06,-1.60,-3.08,0.48
6.90,19.57,-4.28,-0.03,-1.99,-2.81,0.48
9.58,17.80,-5.64,0.16,-2.44,-2.65,0.48
5.19,14.63,-4.44,-0.01,-2.00,-2.89,0.45
-4.81,14.13,-5.33,0.28,-0.41,-3.19,0.45
0.70,10.87,-8.51,0.65,0.53,-2.21,0.34
1.07,7.53,-5.39,0.20,0.82,-1.45,0.34
-11.83,0.14,-5.38,0.65,0.16,-1.08,0.34
-2.75,9.98,-12.07,-0.11,1.84,0.22,0.28
3.42,2.68,-0.26,-0.75,2.11,1.87,0.28
-1.00,2.15,-1.46,-0.22,2.86,2.55,0.28
-2.35,4.27,-1.29,-0.10,3.00,3.31,0.28
-4.55,4.97,-3.07,-0.37,2.31,3.93,0.28
-6.97,6.82,-1.10,-0.96,1.57,4.37,0.19
-6.31,5.23,-0.73,-1.24,0.44,4.37,0.19
-5.21,4.66,-1.02,-1.17,-0.48,4.37,0.15
-3.18,5.24,-0.12,-0.76,-0.58,4.37,0.15
-3.74,9.41,-1.76,-0.23,-0.53,4.37,0.15
-3.71,12.70,-1.38,0.11,-0.52,4.37,-0.38
-0.06,16.11,-0.19,0.61,0.10,4.37,-0.38
2.82,18.41,-4.93,0.52,1.33,4.37,-0.08
-0.38,19.61,-1.75,0.03,2.31,4.37,-0.08
-9.19,13.67,-6.10,0.14,2.73,1.91,-0.08
-15.39,5.76,-4.99,0.36,3.30,-0.94,-0.08
-19.61,8.53,-6.83,0.48,2.59,-2.78,-0.08
-19.61,8.97,-4.06,0.71,0.38,-2.84,0.07
1.05,19.61,-1.88,-0.06,-0.62,-2.17,0.07
19.61,17.05,9.98,-0.17,-1.89,-1.13,0.07
4.90,10.59,-4.51,0.96,0.85,-3.93,0.46
-3.67,8.43,-7.18,1.59,2.25,-3.95,0.46
-11.88,5.96,-4.90,1.78,2.52,-3.63,0.58
-19.61,11.37,-10.45,1.23,0.82,-2.27,0.58
-12.24,10.89,-2.73,0.03,-3.25,-0.77,0.58
1.28,9.99,-2.68,0.18,-3.63,-0.60,0.58
6.81,11.60,-3.80,0.54,-1.46,-0.74,0.58
2.05,10.25,-2.97,0.42,-0.16,-1.32,0.46
-3.59,9.70,-5.37,0.22,-0.08,-1.18,0.46
-2.82,8.93,-4.75,0.09,-0.25,-0.76,0.46
-1.72,9.42,-4.87,-0.06,-0.44,-0.57,0.34
-2.43,8.77,-4.83,-0.15,-1.00,-0.51,0.34
-0.87,9.01,-3.99,-0.19,-1.49,-0.43,0.39
2.03,9.15,-2.45,-0.11,-1.32,-0.51,0.39
2.89,9.50,-2.88,-0.08,-0.82,-0.79,0.39
1.49,9.05,-3.38,-0.11,-0.47,-1.06,0.39
-1.03,8.73,-2.90,-0.09,-0.47,-1.18,0.39
-2.52,8.89,-2.03,-0.09,-0.79,-1.17,0.60
-0.96,9.53,-1.75,-0.10,-1.01,-1.18,0.60
-0.06,10.21,-3.51,-0.11,-0.85,-1.33,0.60
0.19,10.59,-3.26,-0.20,-0.88,-1.52,0.50
0.72,11.48,-3.47,-0.21,-1.00,-1.72,0.50
1.59,12.55,-2.49,-0.17,-1.25,-2.15,0.71
2.85,13.24,-2.46,-0.20,-1.33,-2.58,0.71
3.14,16.02,-3.14,-0.19,-1.21,-3.01,0.71
2.02,18.03,-4.01,-0.14,-1.22,-3.29,0.71
3.67,19.61,-4.89,-0.13,-1.60,-3.15,0.71
7.92,19.61,-4.00,-0.10,-2.02,-2.87,0.47
9.07,17.31,-4.56,0.06,-2.44,-2.60,0.47
3.98,14.07,-4.60,-0.22,-1.89,-2.87,0.47
-5.34,13.76,-5.39,0.17,-0.16,-3.13,0.03
1.19,11.25,-9.10,0.37,0.62,-2.08,0.03
-0.15,5.00,-5.15,-0.29,0.98,-1.30,-0.04
-10.09,-0.42,-6.18,0.36,0.86,-0.98,-0.04
-1.88,8.09,-10.32,-0.20,2.42,0.35,-0.04
2.18,4.01,-2.01,-0.80,2.71,1.76,-0.02
-1.55,2.91,-2.82,-0.60,3.11,2.30,-0.02
-3.60,3.65,-1.39,-0.43,3.02,3.25,-0.02
-3.62,4.32,-4.15,-0.55,2.37,3.85,-0.02
-6.25,5.75,-2.85,-1.18,1.68,4.37,-0.02
-7.30,5.80,-1.39,-1.45,0.55,4.37,0.03
-6.51,4.32,-1.93,-1.30,-0.30,4.37,0.03
-4.30,5.67,-2.66,-0.77,-0.79,4.37,-0.43
-5.96,10.00,-3.02,-0.24,-1.01,4.37,-0.43
-3.93,11.69,-2.58,0.34,-0.84,4.37,-0.43
1.05,14.46,-3.10,0.97,-0.09,4.37,-0.26
3.02,15.71,-5.12,0.75,1.14,4.37,-0.26
-3.51,18.32,-2.58,0.44,2.04,3.98,-0.26
-8.02,14.74,-4.45,0.37,2.57,1.95,-0.26
-15.24,6.56,-3.87,0.47,2.99,-0.56,-0.26
-19.61,7.81,-4.74,0.66,2.06,-2.32,-0.06
-17.14,8.08,-5.12,0.77,0.59,-2.56,-0.06
0.63,19.61,-0.55,-0.05,-0.08,-2.26,0.13
19.61,18.59,9.78,-0.28,-1.01,-0.59,0.13
10.76,12.87,-4.77,0.89,1.29,-3.58,0.13
-4.44,7.26,-9.42,1.86,3.17,-4.37,0.45
-14.99,10.68,-3.47,1.89,2.36,-4.14,0.45
-19.61,10.47,-8.76,0.94,-0.65,-1.86,0.45
-6.88,8.75,-3.70,0.20,-4.00,-0.70,0.45
2.73,11.00,-3.96,0.24,-3.64,-0.52,0.45
8.96,10.84,-4.95,0.52,-1.09,-0.88,0.67
1.77,10.22,-4.17,0.28,0.11,-1.43,0.67
-5.38,9.48,-5.20,0.07,-0.08,-1.17,0.50
-4.01,8.86,-4.36,0.02,-0.47,-0.70,0.50
-1.80,8.94,-4.53,-0.05,-0.55,-0.45,0.50
-2.15,8.50,-4.79,-0.08,-0.95,-0.39,0.62
-0.94,9.46,-4.66,-0.13,-1.25,-0.35,0.62
1.39,9.13,-2.68,-0.08,-1.15,-0.44,0.62
2.36,9.11,-2.35,-0.04,-0.76,-0.62,0.62
2.08,8.90,-3.84,-0.01,-0.38,-0.89,0.62
-0.53,8.77,-3.36,-0.01,-0.30,-1.05,0.66
-2.79,8.63,-2.34,-0.01,-0.62,-1.03,0.66
-1.75,9.50,-2.40,-0.03,-1.06,-0.99,0.55
0.94,9.77,-3.14,-0.06,-1.05,-1.10,0.55
1.71,10.39,-3.81,-0.06,-0.85,-1.39,0.55
-0.11,11.18,-3.30,-0.10,-0.89,-1.68,0.46
-0.74,11.59,-1.95,-0.10,-1.22,-1.85,0.46
1.79,11.59,-2.52,-0.11,-1.33,-2.16,0.78
2.90,14.15,-3.90,-0.10,-1.18,-2.58,0.78
1.74,17.12,-4.67,-0.08,-1.28,-2.98,0.78
2.70,19.28,-4.68,-0.08,-1.44,-3.13,0.78
4.22,19.61,-4.73,0.09,-1.91,-3.11,0.78
8.11,19.61,-6.89,0.29,-2.74,-2.84,0.57
7.39,15.10,-6.44,0.33,-2.94,-3.07,0.57
-0.42,12.19,-4.76,0.43,-1.62,-3.19,0.57
-1.82,12.39,-6.13,0.51,-0.24,-2.60,0.28
-1.57,9.58,-5.30,0.42,0.19,-1.98,0.28
-8.55,1.74,-4.07,0.00,-0.12,-1.10,0.16
-2.17,2.94,-7.53,-0.15,1.09,0.02,0.16
3.07,4.65,-1.06,-0.47,2.00,1.52,0.16
-0.29,1.81,-2.81,-0.36,2.81,2.23,0.16
-2.13,2.72,-1.99,-0.16,3.26,2.83,0.16
-4.35,4.08,-2.44,-0.36,2.83,3.55,-0.19
-6.79,5.01,-1.29,-0.83,2.38,4.37,-0.19
-7.21,4.47,-0.32,-1.12,1.34,4.37,-0.19
-6.86,5.03,-1.13,-1.28,-0.19,4.37,0.15
-5.46,4.40,-0.12,-1.12,-0.69,4.37,0.15
-4.63,7.04,-0.86,-0.40,-0.99,4.37,-0.30
-5.53,11.93,-1.64,0.21,-1.15,4.37,-0.30
-1.11,14.85,-1.50,0.63,-0.69,4.37,-0.30
5.13,17.74,-3.22,0.96,0.88,4.37,-0.30
6.49,19.61,-2.98,0.35,3.13,4.37,-0.30
-7.15,15.04,-7.75,0.27,4.33,1.53,0.27
-14.49,4.41,-5.67,0.45,4.36,-1.04,0.27
-19.61,6.88,-6.83,0.62,3.38,-2.81,0.27
-19.61,9.14,-4.53,0.58,0.82,-2.34,0.72
2.34,19.61,0.45,-0.30,-1.22,-0.92,0.72
18.56,12.42,0.88,0.15,-2.08,-0.66,0.62
16.43,6.34,-15.07,1.50,0.90,-1.46,0.62
-2.91,10.65,-0.09,3.52,0.91,-4.37,0.62
-19.61,13.86,18.62,-0.66,-0.47,-3.25,0.62
-9.31,-3.61,-1.28,1.29,-3.15,-1.29,0.62
-2.81,10.65,-4.75,0.48,-2.66,-1.40,0.45
2.65,13.41,-7.32,0.36,-1.88,-0.94,0.45
0.12,8.50,-5.68,0.14,-0.88,-1.23,0.45
-1.85,9.81,-3.51,0.16,-0.31,-1.00,0.67
-1.77,9.55,-3.95,0.05,-0.23,-0.82,0.67
-2.14,9.19,-3.41,0.03,-0.16,-0.61,0.83
-3.25,8.95,-2.81,-0.01,-0.32,-0.42,0.83
-2.78,9.19,-2.95,-0.01,-0.64,-0.15,0.83
0.27,9.08,-3.34,-0.03,-0.60,-0.03,0.70
0.15,9.02,-3.04,-0.03,-0.31,-0.11,0.70
-0.60,8.42,-2.84,-0.06,-0.27,-0.12,0.70
-0.38,8.61,-3.10,-0.06,-0.32,-0.12,0.70
0.03,8.32,-2.02,-0.05,-0.27,-0.16,0.70
0.43,9.14,-3.13,-0.04,-0.12,-0.21,0.71
0.39,9.82,-3.60,-0.06,0.02,-0.26,0.71
-0.63,9.92,-2.88,-0.10,-0.01,-0.29,0.63
-0.41,9.08,-2.23,-0.09,-0.14,-0.30,0.63
-0.46,9.04,-2.31,-0.03,-0.26,-0.32,0.63
-0.38,9.50,-2.95,-0.05,-0.30,-0.36,0.56
-0.07,9.86,-3.39,-0.07,-0.27,-0.35,0.56
-0.29,10.06,-2.95,-0.10,-0.20,-0.34,0.56
-0.78,9.45,-2.80,-0.10,-0.13,-0.36,0.56
-1.30,9.47,-3.15,-0.13,-0.15,-0.31,0.56
-1.57,9.06,-3.08,-0.13,-0.19,-0.25,0.76
-1.06,9.02,-2.98,-0.15,-0.19,-0.22,0.76
-1.06,9.08,-2.86,-0.15,-0.08,-0.20,0.57
-1.04,9.12,-2.38,-0.13,0.01,-0.18,0.57
-1.75,9.25,-2.28,-0.12,0.01,-0.15,0.57
-1.54,9.20,-2.43,-0.11,-0.10,-0.10,0.74
-1.06,9.28,-2.68,-0.10,-0.10,-0.09,0.74
-1.16,9.04,-2.72,-0.10,-0.10,-0.09,0.74
-1.37,9.11,-2.49,-0.11,-0.12,-0.09,0.74
-1.50,9.19,-2.26,-0.10,-0.09,-0.07,0.74
-1.52,9.26,-2.00,-0.08,-0.08,-0.04,0.53
-1.09,9.01,-2.09,-0.08,-0.05,-0.02,0.53
-1.39,9.24,-2.64,-0.07,0.00,-0.01,0.34