-0.81,9.11,-4.16,0.04,-0.20,-0.31,-2.51
-0.75,8.94,-3.94,0.03,-0.21,-0.31,-2.51
-0.82,8.84,-3.68,0.06,-0.23,-0.32,-2.36
-0.85,9.05,-3.95,0.10,-0.25,-0.30,-2.36
-0.66,9.14,-4.26,0.01,-0.21,-0.31,-2.36
-0.65,8.75,-3.90,0.02,-0.15,-0.35,-2.36
-0.84,8.78,-4.02,0.02,-0.08,-0.40,-2.36
-1.13,8.68,-3.94,0.02,-0.05,-0.41,-2.24
-1.62,8.77,-3.72,0.07,-0.05,-0.38,-2.24
-1.95,8.76,-3.93,0.05,-0.05,-0.33,-2.35
-1.97,8.62,-4.07,0.06,-0.08,-0.27,-2.35
-1.68,8.51,-3.67,0.09,-0.09,-0.24,-2.35
-1.95,8.97,-3.92,0.08,-0.06,-0.21,-2.19
-2.13,8.67,-3.44,0.12,-0.09,-0.17,-2.19
-1.97,8.78,-3.46,0.17,-0.09,-0.13,-2.19
-1.48,8.59,-3.79,0.20,-0.06,-0.11,-2.19
-1.70,8.74,-3.99,0.20,0.01,-0.13,-2.19
-1.75,8.88,-3.22,0.28,-0.07,-0.12,-2.22
-1.43,8.77,-3.86,0.33,-0.14,-0.13,-2.22
-0.70,8.88,-4.82,0.34,-0.17,-0.20,-2.41
-1.05,9.12,-4.79,0.26,-0.17,-0.29,-2.41
-1.49,8.57,-4.67,0.22,-0.20,-0.33,-2.41
-1.51,8.63,-5.01,0.17,-0.21,-0.35,-2.16
-1.81,8.76,-5.41,0.11,-0.24,-0.37,-2.16
-1.97,8.06,-4.34,-0.09,-0.18,-0.42,-2.16
-2.08,8.05,-4.29,-0.01,-0.15,-0.39,-2.16
-2.16,8.83,-3.81,0.02,-0.21,-0.39,-2.16
-2.03,8.48,-4.37,0.01,-0.15,-0.40,-2.34
-2.07,7.98,-4.36,0.02,-0.07,-0.43,-2.34
-2.47,8.13,-4.12,0.02,-0.08,-0.45,-2.14
-1.91,8.23,-4.71,-0.08,-0.12,-0.45,-2.14
-1.52,7.84,-4.63,-0.05,-0.10,-0.53,-2.14
-1.87,8.87,-4.02,0.00,-0.06,-0.61,-2.01
-2.69,8.67,-3.91,-0.01,-0.09,-0.68,-2.01
-3.00,8.15,-4.07,0.02,-0.19,-0.68,-2.01
-2.62,8.57,-3.67,0.08,-0.36,-0.70,-2.01
-2.31,8.49,-4.13,0.07,-0.41,-0.80,-2.01
-2.70,8.16,-3.93,0.14,-0.40,-0.88,-2.24
-3.50,8.36,-4.13,0.16,-0.45,-0.94,-2.24
-3.79,7.98,-4.16,0.11,-0.58,-0.93,-2.38
-3.74,7.85,-4.30,0.12,-0.54,-0.94,-2.38
-3.60,7.66,-4.16,0.12,-0.53,-0.99,-2.38
-4.42,7.64,-3.83,0.14,-0.53,-1.05,-2.17
-5.25,7.08,-3.59,0.19,-0.57,-1.01,-2.17
-4.04,7.82,-4.41,0.17,-0.66,-0.97,-2.17
-4.31,8.14,-4.90,0.11,-0.62,-1.08,-2.17
-4.29,6.80,-3.71,0.09,-0.61,-1.18,-2.17
-5.83,6.94,-3.34,0.15,-0.60,-1.18,-2.12
-4.87,8.17,-4.25,0.12,-0.69,-1.23,-2.12
-4.71,8.43,-4.15,0.07,-0.72,-1.34,-2.00
-5.85,7.00,-4.03,0.06,-0.66,-1.49,-2.00
-6.08,6.41,-3.47,0.04,-0.83,-1.47,-2.00
-6.87,4.58,-2.90,0.02,-0.81,-1.47,-2.21
-7.54,6.20,-4.39,0.02,-0.85,-1.39,-2.21
-7.54,9.78,-5.14,0.02,-0.97,-1.37,-2.08
-6.76,8.61,-4.12,-0.19,-1.06,-1.42,-2.08
-8.13,10.80,-3.93,-0.18,-1.02,-1.47,-2.08
-7.33,14.55,-5.14,-0.28,-1.19,-1.50,-2.08
-5.68,16.01,-5.39,-0.23,-1.38,-1.60,-2.08
-4.23,13.35,-4.87,-0.32,-1.30,-1.67,-2.29
-3.55,9.36,-4.48,-0.36,-0.74,-1.55,-2.29
-5.48,5.14,-2.29,-0.68,0.13,-1.60,-2.29
-13.67,2.43,-2.69,-0.59,0.88,-2.25,-2.22
-8.97,0.17,-4.54,-0.59,1.45,-1.58,-2.22
-3.13,-0.24,-3.53,-0.47,1.87,-1.14,-2.04
-0.07,1.78,-1.45,-0.62,1.40,-0.06,-2.04
-3.25,4.30,-2.64,-0.70,0.61,0.75,-2.04
-0.54,2.46,-3.33,-1.00,0.41,1.79,-2.04
1.14,1.48,-2.80,-0.88,0.70,2.36,-2.04
0.62,1.69,-3.07,-0.82,1.11,2.81,-2.29
-0.48,2.27,-3.06,-0.73,1.25,3.28,-2.29
-1.72,2.91,-2.39,-0.69,1.28,3.77,-2.29
-2.78,3.91,-3.30,-0.61,1.17,4.30,-2.27
-3.10,4.92,-2.26,-0.41,1.24,4.37,-2.27
-4.29,5.52,-2.73,-0.15,1.01,4.37,-2.28
-4.26,7.15,-2.31,-0.11,0.81,4.37,-2.28
-4.01,8.57,-1.98,0.05,0.98,4.37,-2.28
-5.24,10.06,-3.77,0.16,1.19,4.03,-2.28
-7.67,11.10,-5.89,0.03,1.74,3.37,-2.28
-8.56,12.07,-6.02,-0.29,1.94,2.89,-2.06
-11.02,12.73,-4.27,-0.62,1.15,2.27,-2.06
-13.66,11.43,-3.17,-0.94,0.01,2.15,-2.06
-9.89,8.94,-2.12,-0.89,-0.77,2.59,-2.10
-4.27,7.80,-2.46,-0.48,-0.97,2.30,-2.10
-1.00,8.10,-3.90,-0.12,-0.63,1.82,-2.03
1.07,8.70,-3.46,-0.10,-0.13,1.19,-2.03
0.71,10.47,-0.72,-0.14,-0.07,0.49,-2.03
-3.19,10.60,-1.21,-0.02,-0.22,-0.12,-2.03
-4.76,8.83,-3.15,-0.14,-0.59,-0.48,-2.03
-1.38,8.44,-1.88,-0.09,-0.64,-0.92,-1.86
-4.38,6.86,-0.81,0.16,-0.84,-1.57,-1.86
-6.39,10.48,-8.21,0.48,0.15,-2.25,-1.86
6.15,19.61,-5.95,0.22,-0.05,-0.63,-2.01
11.52,15.17,-6.60,0.16,0.07,0.57,-2.01
11.92,8.44,-5.53,0.00,0.26,-1.45,-1.94
-0.77,10.05,-4.83,0.24,0.42,-1.88,-1.94
-2.37,18.04,1.94,0.13,0.04,-0.98,-1.94
3.36,19.52,-3.65,0.63,-0.79,-0.76,-2.24
2.80,9.57,-3.32,0.27,0.19,-1.37,-2.24
-4.43,6.00,-4.70,0.49,0.75,-1.32,-2.24
-8.38,7.24,-5.60,0.27,0.14,-0.82,-2.24
-5.73,8.54,-5.11,0.01,-0.58,0.06,-2.24
0.09,8.53,-5.33,-0.08,-0.69,0.08,-2.08
4.45,10.18,-4.41,-0.02,-0.13,-0.07,-2.08
1.77,12.16,-4.04,-0.11,0.46,-0.60,-1.88
-1.55,8.54,-3.47,-0.18,0.59,-0.65,-1.88
-2.85,7.84,-3.00,-0.16,0.29,-0.56,-1.88
-1.82,8.63,-3.30,-0.15,-0.19,-0.48,-1.97
0.08,8.81,-3.09,-0.15,-0.32,-0.50,-1.97
0.33,9.24,-3.52,-0.08,0.00,-0.62,-1.97
-0.68,9.05,-3.50,-0.04,0.26,-0.74,-1.97
-1.40,9.07,-3.41,-0.04,0.24,-0.76,-1.97
-1.64,8.71,-3.69,-0.04,0.14,-0.81,-1.95
-2.03,8.61,-3.13,-0.05,0.02,-0.89,-1.95
-0.66,8.81,-2.83,0.00,-0.25,-0.96,-1.86
-0.42,8.61,-3.14,0.07,-0.41,-1.17,-1.86
-1.05,8.60,-3.13,0.10,-0.35,-1.33,-1.86
-1.70,8.30,-2.88,0.16,-0.36,-1.51,-1.85
-3.16,8.14,-3.19,0.17,-0.48,-1.52,-1.85
-3.05,8.60,-3.05,0.21,-0.58,-1.53,-1.85
-3.31,7.49,-4.07,0.20,-0.60,-1.58,-1.85
-3.85,8.27,-2.06,0.21,-0.67,-1.69,-1.85
-5.38,7.37,-2.26,0.26,-0.73,-1.66,-2.03
-6.28,9.67,-2.33,0.43,-1.03,-1.57,-2.03
-3.43,7.82,-4.72,0.34,-1.08,-1.59,-1.86
-5.94,7.88,-3.55,0.41,-1.25,-1.72,-1.86
-7.07,11.97,-5.62,0.48,-1.49,-1.75,-1.86
-3.90,13.85,-7.57,0.37,-1.90,-1.90,-1.94
-6.21,16.65,-5.02,0.39,-1.97,-2.42,-1.94
-4.36,19.61,-5.39,-0.02,-1.89,-2.43,-1.94
0.21,16.24,-3.02,-0.25,-1.46,-2.56,-1.94
0.83,6.90,-1.98,-0.39,-0.37,-2.55,-1.94
-4.07,0.55,-3.30,-0.41,0.76,-2.55,-1.83
-8.53,1.99,-5.91,-0.39,1.67,-1.99,-1.83
3.20,-1.10,-4.40,-0.90,2.52,-0.28,-1.76
-0.62,-2.32,-2.17,-0.94,2.11,0.27,-1.76
-3.43,0.99,-3.23,-0.98,1.68,1.46,-1.76
-2.44,1.47,-4.14,-0.90,1.36,2.36,-1.99
-3.43,1.76,-4.04,-0.77,0.88,2.97,-1.99
-4.22,2.79,-3.39,-0.67,0.17,3.61,-1.99
-3.94,3.87,-2.54,-0.56,-0.45,4.16,-1.99
-3.88,5.47,-2.41,-0.40,-0.69,4.37,-1.99
-2.84,5.98,-1.90,-0.18,-0.18,4.37,-1.83
-1.75,6.90,-1.81,0.10,0.47,4.37,-1.83
-1.23,9.39,-1.35,0.36,1.23,4.28,-2.05
-1.96,11.97,-1.77,0.40,1.75,3.92,-2.05
-4.50,13.90,-2.91,0.14,1.95,3.29,-2.05
-7.19,14.10,-3.37,-0.35,1.89,2.69,-1.76
-7.84,13.17,-2.99,-0.67,1.42,2.46,-1.76
-7.25,11.84,-4.00,-0.89,0.67,2.41,-1.60
-5.37,9.74,-4.02,-0.92,0.23,2.39,-1.60
-2.56,7.60,-3.51,-0.64,0.20,2.02,-1.60
-2.40,8.73,-3.39,-0.29,0.24,1.60,-1.60
-3.65,9.72,-2.69,-0.11,-0.01,1.36,-1.60
-3.13,9.48,-1.72,-0.07,-0.68,1.24,-1.83
-1.29,8.89,-1.30,-0.05,-1.37,1.14,-1.83
1.17,9.51,-1.76,-0.07,-1.65,0.91,-1.83
2.88,9.17,-2.50,-0.19,-1.45,0.53,-1.78
4.03,8.23,-2.71,-0.24,-0.99,0.01,-1.78
3.43,8.13,-2.03,-0.14,-0.37,-0.49,-1.74
1.45,9.04,-1.65,-0.05,-0.05,-0.58,-1.74
-0.17,9.30,-1.81,0.01,-0.28,-0.55,-1.74
-1.06,9.17,-2.32,-0.09,-0.99,-0.61,-1.74
-1.18,9.00,-1.19,-0.08,-1.35,-0.83,-1.74
-8.69,2.21,-5.69,0.69,-2.30,-2.18,-1.50
-3.75,11.54,-6.14,0.82,-0.88,-1.95,-1.50
5.52,19.61,-4.88,0.54,0.22,0.64,-1.50
9.92,9.03,-11.94,0.92,0.40,0.43,-1.50
8.22,7.71,-7.96,-0.07,-0.48,-0.92,-1.50
-1.04,16.99,2.49,-0.06,0.33,-0.98,-1.37
4.93,18.30,-0.37,0.70,-0.50,-0.53,-1.37
4.25,11.36,-2.21,0.43,-0.08,-1.27,-1.37
-1.38,6.17,-3.71,0.90,0.71,-1.24,-1.37
-5.11,8.32,-7.64,0.63,0.36,-0.94,-1.37
-5.45,10.08,-6.93,-0.03,-0.63,-0.20,-1.35
-0.56,9.27,-3.63,-0.10,-0.95,0.18,-1.35
2.49,10.11,-4.88,0.05,-0.31,0.10,-1.35
3.15,9.54,-4.68,-0.02,0.44,-0.17,-1.42
-0.33,8.21,-4.46,-0.06,0.74,-0.37,-1.42
-3.13,8.88,-2.65,-0.08,0.37,-0.19,-1.44
-2.04,8.93,-4.58,-0.08,-0.09,0.08,-1.44
0.57,8.89,-4.32,-0.20,-0.11,0.09,-1.44
2.25,8.47,-4.03,-0.19,0.15,-0.14,-1.44
3.19,7.96,-2.92,-0.08,0.34,-0.41,-1.44
1.32,8.97,-3.44,0.03,0.41,-0.67,-1.51
0.57,9.69,-3.42,0.06,0.27,-0.66,-1.51
-0.16,9.14,-3.79,0.05,-0.03,-0.68,-1.51
-0.34,8.49,-3.60,0.01,-0.28,-0.66,-1.29
1.24,8.62,-3.90,0.08,-0.51,-0.62,-1.29
0.18,9.73,-2.81,0.06,-0.31,-0.85,-1.24
1.16,9.12,-3.94,0.13,-0.17,-0.91,-1.24
-0.11,8.83,-4.03,0.07,0.01,-1.16,-1.24
-1.47,8.47,-3.69,0.09,-0.07,-1.23,-1.28
-3.11,9.17,-4.10,0.05,-0.20,-1.23,-1.28
-1.44,8.31,-4.14,0.01,-0.40,-1.20,-1.28
-0.13,8.85,-3.36,0.00,-0.37,-1.26,-1.28
-1.21,8.48,-3.00,0.07,-0.16,-1.47,-1.28
-3.88,8.67,-3.72,0.11,-0.15,-1.52,-1.28
-4.13,7.69,-3.50,0.13,-0.28,-1.41,-1.28
-2.70,8.39,-3.97,0.18,-0.57,-1.27,-1.64
-2.29,9.09,-4.07,0.13,-0.59,-1.39,-1.64
-2.65,7.30,-3.53,0.10,-0.48,-1.51,-1.64
-3.91,7.36,-2.92,0.21,-0.49,-1.65,-1.74
-4.57,9.15,-3.45,0.27,-0.75,-1.50,-1.74
-4.26,8.86,-3.89,0.24,-0.85,-1.56,-1.74
-3.99,7.12,-3.25,0.32,-0.96,-1.67,-1.74
-6.13,9.61,-4.93,0.33,-1.16,-1.74,-1.74
-3.95,7.57,-5.18,0.26,-1.15,-1.80,-1.24
-7.49,8.42,-4.08,0.27,-1.21,-1.83,-1.24
-6.85,13.77,-6.24,0.22,-1.34,-1.78,-1.41
-5.48,18.47,-4.94,0.07,-1.40,-2.01,-1.41
-6.25,16.07,-3.44,-0.03,-1.20,-2.20,-1.41
-4.26,15.66,-4.62,-0.27,-0.92,-2.06,-1.63
-1.30,8.74,-3.65,-0.38,-0.56,-2.03,-1.63
-3.66,3.19,-3.45,-0.33,0.25,-1.98,-1.63
-8.17,0.98,-2.62,-0.40,0.73,-1.82,-1.63
-8.10,2.24,-3.11,-0.51,0.81,-1.22,-1.63
-2.77,-0.67,-2.74,-0.69,0.99,-0.32,-1.84
-2.66,-1.00,-3.15,-0.51,1.17,0.14,-1.84
-1.31,1.42,-1.92,-0.74,0.91,0.98,-1.31
-2.08,2.57,-1.44,-0.80,0.60,1.71,-1.31
-0.62,2.63,-2.93,-0.62,0.63,2.39,-1.31
-0.27,4.59,-3.76,-0.56,0.78,2.72,-1.37
-1.56,5.57,-4.06,-0.54,0.77,3.04,-1.37
-3.69,5.22,-3.25,-0.54,0.57,3.27,-1.37
-4.45,5.98,-3.02,-0.43,0.28,3.62,-1.37
-3.99,7.10,-2.91,-0.26,0.12,4.01,-1.37
-2.92,8.16,-3.05,-0.12,0.16,4.25,-1.48
-1.76,9.16,-2.59,-0.02,0.38,4.26,-1.48
-1.88,10.04,-2.06,0.09,0.88,3.95,-1.55
-3.14,10.84,-3.18,0.19,1.20,3.45,-1.55
-3.70,11.25,-4.53,0.09,1.74,3.08,-1.55
-4.00,12.12,-4.39,-0.06,1.89,2.73,-1.41
-5.29,12.93,-4.01,-0.24,1.36,2.30,-1.41
-6.36,12.06,-4.35,-0.45,0.55,1.81,-1.41
-7.73,10.93,-4.19,-0.50,-0.07,1.70,-1.41
-7.37,9.90,-2.71,-0.38,-0.49,1.85,-1.41
-4.65,9.13,-1.98,-0.10,-0.90,1.89,-1.38
-2.25,8.61,-2.42,0.07,-1.09,1.59,-1.38
-0.25,8.86,-2.48,0.00,-1.10,1.29,-1.07
1.24,9.33,-2.29,-0.17,-1.00,1.04,-1.07
2.41,9.13,-2.27,-0.26,-0.71,0.69,-1.07
2.95,8.45,-2.43,-0.21,-0.25,0.18,-1.12
3.22,8.04,-2.25,-0.13,0.29,-0.31,-1.12
1.87,8.13,-3.06,-0.04,0.69,-0.68,-1.25
-0.53,8.66,-2.32,-0.06,0.62,-0.90,-1.25
-2.76,8.39,-2.04,0.01,0.14,-1.25,-1.25
-3.67,9.93,-1.98,-0.12,-0.38,-1.27,-1.25
-3.33,7.96,0.06,-0.24,-0.73,-1.26,-1.25
-4.40,7.33,-4.99,0.29,0.01,-2.12,-1.26
-0.04,14.24,-6.42,0.87,-0.11,-1.43,-1.26
4.68,18.60,-7.32,0.60,0.29,0.91,-1.26
7.34,10.94,-8.10,0.08,-0.02,-0.08,-1.18
5.53,6.33,-2.60,-0.43,-0.64,-1.19,-1.18
-1.17,7.57,-0.68,0.17,0.03,-1.24,-0.87
2.83,12.34,-1.70,0.42,0.34,-0.56,-0.87
3.82,19.61,-4.02,0.77,0.45,-0.57,-0.87
4.87,14.02,-5.88,0.31,0.48,-0.98,-0.87
-1.55,9.24,-0.05,0.18,0.34,-1.28,-0.87
-3.77,7.47,-4.12,0.63,-0.28,-1.11,-1.22
-3.16,7.71,-7.33,0.23,-0.67,-0.89,-1.22
-2.53,8.58,-4.33,0.02,-0.59,-0.29,-1.22
1.81,9.79,-4.94,0.08,-0.38,-0.33,-1.25
1.70,10.58,-4.45,-0.02,0.24,-0.66,-1.25
-1.42,8.76,-3.26,-0.03,0.57,-0.78,-1.27
-3.26,8.53,-3.10,-0.02,0.29,-0.67,-1.27
-3.54,8.88,-3.61,-0.04,-0.21,-0.40,-1.27
-0.73,8.70,-4.12,-0.07,-0.36,-0.30,-1.27
0.83,8.67,-3.00,-0.07,-0.26,-0.43,-1.27
0.02,8.90,-2.45,0.03,-0.02,-0.65,-1.41
-0.73,9.16,-3.78,0.07,0.13,-0.75,-1.41
-1.27,9.07,-3.89,0.03,0.16,-0.80,-1.41
-1.75,8.61,-4.35,0.01,0.07,-0.91,-1.05
-0.99,8.53,-2.85,-0.03,-0.12,-0.94,-1.05
-0.57,9.20,-2.85,0.07,-0.29,-1.04,-1.17
-1.56,9.41,-3.38,0.11,-0.27,-1.21,-1.17
-3.27,8.22,-3.01,0.11,-0.24,-1.27,-1.17
-2.53,8.36,-3.47,0.17,-0.47,-1.23,-1.17
-1.80,8.91,-3.83,0.15,-0.55,-1.37,-1.17
-2.14,8.17,-3.66,0.19,-0.47,-1.56,-1.12
-4.20,8.17,-3.00,0.21,-0.52,-1.68,-1.12
-4.87,8.06,-2.83,0.27,-0.70,-1.56,-1.12
-4.46,7.78,-3.34,0.30,-0.83,-1.58,-0.95
-4.40,8.65,-4.13,0.30,-0.90,-1.62,-0.95
-3.04,6.35,-4.67,0.27,-0.82,-1.92,-0.96
-5.99,7.45,-4.10,0.23,-0.84,-1.91,-0.96
-5.21,8.10,-4.37,0.25,-1.11,-1.85,-0.96
-5.85,9.27,-4.86,0.22,-1.22,-1.84,-1.30
-6.33,14.76,-5.75,0.11,-1.18,-1.92,-1.30
-4.57,17.65,-5.84,-0.01,-1.35,-2.20,-1.22
-5.52,19.61,-5.29,0.11,-1.37,-2.48,-1.22
-0.00,17.18,-9.65,0.42,-0.52,-2.53,-1.22
-2.07,7.64,-3.07,-0.19,-0.48,-2.51,-1.37
-5.80,0.74,-1.59,-0.10,0.05,-2.35,-1.37
-10.11,0.38,-0.81,-0.25,0.06,-1.96,-1.26
-8.90,2.26,-1.86,-0.58,-0.07,-0.72,-1.26
1.86,-1.94,-0.75,-0.79,0.32,0.74,-1.26
5.22,-4.31,-0.43,-0.67,0.62,1.79,-1.32
2.15,-0.72,-1.88,-0.45,1.31,1.74,-1.32
0.47,3.57,-4.47,-0.53,1.80,2.41,-1.32
-1.00,4.45,-3.79,-0.78,1.73,2.73,-1.32
-3.49,5.53,-2.79,-0.71,1.14,3.17,-1.32
-5.17,5.58,-2.11,-0.51,0.54,3.60,-1.31
-6.23,6.16,-3.85,-0.43,-0.13,3.98,-1.31
-7.18,6.75,-3.33,-0.35,-0.36,4.37,-1.24
-5.50,8.40,-1.96,-0.03,-0.31,4.37,-1.24
-1.64,10.35,-1.66,0.27,0.16,4.37,-1.24
-2.01,11.48,-3.16,0.24,0.92,4.31,-1.25
-3.47,11.63,-3.28,0.15,1.66,3.44,-1.25
-3.95,12.82,-4.57,-0.15,2.24,2.59,-1.25
-4.72,13.83,-4.37,-0.55,2.03,1.96,-1.25
-6.48,14.19,-3.81,-0.71,1.36,1.43,-1.25
-8.13,11.27,-3.33,-0.73,0.88,1.23,-1.39
-7.94,8.07,-2.45,-0.50,0.52,1.25,-1.39
-6.86,6.62,-2.25,-0.09,-0.05,1.04,-1.20
-4.40,8.12,-1.53,0.07,-0.32,0.83,-1.20
-2.27,9.01,-1.51,0.11,-0.55,0.64,-1.20
-1.82,9.21,-2.93,0.03,-0.65,0.43,-1.13
-0.96,8.27,-3.10,-0.15,-0.56,0.27,-1.13
-0.16,7.12,-1.84,-0.11,-0.29,-0.27,-1.13
-1.13,7.90,-2.91,0.07,-0.06,-0.59,-1.13
-1.10,9.15,-2.07,-0.03,-0.02,-0.71,-1.13
-2.18,8.28,-1.19,-0.04,-0.14,-1.00,-1.02
-6.02,4.92,-3.76,0.39,-0.23,-1.45,-1.02
-6.63,6.16,-5.70,0.98,-0.50,-2.46,-1.05
-1.27,19.61,-5.07,0.56,-0.36,-0.58,-1.05
3.14,16.95,-5.49,0.49,-0.49,1.36,-1.05
5.12,10.79,-6.17,0.47,-0.33,0.78,-1.51
5.02,6.61,-4.33,0.28,-0.36,0.22,-1.51
5.97,10.90,-2.73,-0.12,-0.01,-0.30,-1.51
4.59,19.61,-2.21,0.24,0.33,-0.39,-1.51
5.03,16.86,-2.53,0.32,0.29,-1.12,-1.51
0.29,6.75,-1.44,0.22,0.46,-1.60,-1.04
-1.44,5.86,-3.33,0.87,0.08,-1.78,-1.04
-2.99,8.77,-6.04,0.65,-0.57,-1.91,-0.74
-4.33,9.22,-7.57,0.17,-0.51,-1.41,-0.74
-4.76,10.97,-5.07,-0.23,-0.05,-0.50,-0.74
0.38,10.29,-3.25,-0.10,0.29,-0.27,-0.89
0.52,8.45,-3.62,-0.02,0.46,-0.56,-0.89
-2.36,8.57,-3.73,-0.12,0.32,-0.75,-0.91
-3.55,8.76,-3.25,-0.11,-0.09,-0.57,-0.91
-1.54,8.87,-3.07,-0.01,-0.31,-0.35,-0.91
-0.15,9.18,-2.91,0.06,-0.19,-0.39,-0.91
-0.74,8.83,-3.71,0.05,0.00,-0.61,-0.91
-1.71,8.68,-3.75,-0.01,0.12,-0.72,-1.11
-2.17,8.81,-3.55,-0.00,0.06,-0.73,-1.11
-1.64,9.19,-3.71,0.01,-0.10,-0.79,-1.11
-1.52,8.69,-3.39,-0.03,-0.10,-0.87,-0.91
-1.37,8.04,-3.17,0.08,-0.16,-0.98,-0.91
-1.95,9.07,-3.15,0.16,-0.28,-1.09,-0.51
-2.09,8.69,-3.43,0.17,-0.33,-1.22,-0.51
-2.96,8.37,-3.46,0.19,-0.37,-1.40,-0.51
-2.60,8.53,-3.63,0.27,-0.54,-1.45,-0.51
-2.05,9.04,-3.56,0.31,-0.70,-1.56,-0.51
-2.42,7.86,-3.19,0.30,-0.79,-1.93,-0.70
-5.29,7.03,-2.85,0.34,-0.65,-1.95,-0.70
-5.27,7.64,-4.03,0.43,-0.79,-1.77,-0.70
-4.29,7.86,-4.22,0.40,-0.89,-1.83,-0.86
-5.02,6.20,-3.76,0.36,-0.87,-2.03,-0.86
-5.75,6.98,-3.91,0.34,-0.84,-1.87,-0.77
-6.40,7.83,-4.52,0.29,-0.91,-1.93,-0.77
-6.75,8.38,-4.54,0.25,-1.01,-2.00,-0.77
-7.09,10.70,-4.47,0.25,-1.25,-1.94,-0.77
-6.50,12.75,-4.42,0.05,-1.36,-1.95,-0.77
-7.38,13.98,-4.37,-0.01,-1.31,-2.01,-0.95
-7.59,14.79,-3.32,0.12,-0.97,-2.03,-0.95
-3.60,12.91,-5.21,0.03,-0.64,-2.01,-0.95
-4.93,6.45,-2.69,-0.24,-0.46,-2.13,-0.91
-6.56,1.49,-1.91,-0.32,-0.36,-2.07,-0.91
-9.28,-0.56,-1.94,-0.36,-0.06,-2.16,-0.88
-8.47,1.58,-3.33,-0.36,0.38,-1.69,-0.88
-2.73,1.19,-2.97,-0.52,0.71,-0.33,-0.88
1.37,1.01,-2.26,-0.58,1.02,0.66,-0.88
2.09,0.38,-1.21,-0.68,0.60,1.48,-0.88
-0.33,1.94,-1.51,-0.55,0.70,1.92,-0.99
-0.63,4.00,-2.65,-0.53,0.76,2.60,-0.99
-1.81,4.79,-2.28,-0.54,0.65,3.00,-0.99
-2.98,4.75,-2.38,-0.35,0.43,3.40,-1.07
-3.71,5.22,-2.43,-0.27,0.27,3.68,-1.07
-4.58,6.43,-2.07,-0.13,0.05,3.97,-0.85
-4.88,7.55,-2.66,-0.11,0.11,4.28,-0.85
-3.79,9.35,-2.25,0.05,0.23,4.33,-0.85
-3.11,9.41,-3.04,-0.02,0.83,4.23,-0.93
-3.65,10.43,-2.93,-0.15,1.15,3.72,-0.93
-4.79,11.20,-3.69,-0.21,1.50,2.85,-0.86
-5.70,11.01,-4.21,-0.42,1.54,1.94,-0.86
-6.50,10.54,-4.11,-0.87,1.28,1.25,-0.86
-7.94,11.15,-3.05,-1.03,0.87,0.70,-0.99
-9.98,8.26,-0.86,-0.84,1.10,0.39,-0.99
-9.68,9.11,-2.08,-0.40,0.53,0.44,-0.59
-9.89,9.61,-2.91,-0.10,-0.02,0.53,-0.59
-9.53,7.58,-3.33,0.05,-0.62,0.61,-0.59
-8.74,6.68,-2.74,0.03,-0.43,0.71,-0.76
-5.58,6.69,-1.86,0.11,-0.52,0.62,-0.76
-4.13,6.74,-3.15,0.11,-0.16,0.15,-0.76
-3.60,7.24,-3.18,-0.04,0.21,-0.31,-0.76
-2.25,7.11,-2.62,-0.10,0.45,-0.91,-0.76
-5.76,5.29,-5.26,0.52,0.82,-1.53,-0.78
-6.92,3.76,-5.39,-0.82,0.99,-2.89,-0.78
-6.62,13.92,-3.15,0.41,2.02,-2.14,-0.82
-3.54,19.61,-1.79,0.28,-0.29,0.46,-0.82
-2.97,14.78,-2.97,0.85,-0.56,0.47,-0.82
-1.73,11.08,-2.79,1.22,-0.71,0.51,-0.91
-1.15,9.91,-3.40,1.15,-0.70,0.79,-0.91
-1.10,15.58,-4.77,0.29,-0.06,0.76,-0.91
-0.91,13.83,-3.82,0.58,0.97,0.81,-0.91
1.02,8.78,-3.80,0.74,0.59,0.66,-0.91
2.33,8.13,-3.71,0.37,0.15,-0.05,-0.58
1.13,8.07,-3.92,0.37,0.08,-0.83,-0.58
0.13,8.22,-4.12,0.58,-0.06,-1.11,-0.57
-0.41,9.97,-5.17,0.41,-0.07,-1.24,-0.57
-0.94,9.04,-5.12,0.25,0.03,-1.44,-0.57
-1.54,7.73,-4.19,0.19,0.14,-1.67,-0.64
-2.35,7.86,-4.83,0.15,0.11,-1.81,-0.64
-3.07,7.86,-4.90,0.10,0.08,-1.89,-0.64
-4.20,8.01,-4.64,-0.03,-0.14,-1.71,-0.64
-5.14,8.56,-4.87,-0.18,-0.26,-1.48,-0.64
-6.04,7.75,-3.56,-0.19,-0.10,-1.15,-0.56
-5.70,7.57,-2.60,-0.04,-0.21,-0.79,-0.56
-4.47,7.91,-3.13,0.20,-0.16,-0.65,-0.26
-3.73,7.56,-4.19,0.28,-0.12,-0.66,-0.26
-3.43,8.24,-4.81,0.19,-0.16,-0.72,-0.26
-2.72,8.03,-3.75,0.05,-0.44,-1.01,-0.36
-2.52,7.16,-2.35,0.18,-0.43,-1.33,-0.36
-4.23,7.60,-3.31,0.44,-0.28,-1.56,-0.36
-4.40,7.59,-4.74,0.52,-0.58,-1.65,-0.36
-4.39,7.13,-4.72,0.36,-0.57,-1.80,-0.36
-5.10,6.78,-3.76,0.31,-0.51,-1.96,-0.47
-5.77,5.28,-3.51,0.40,-0.43,-2.05,-0.47
-8.50,6.69,-3.21,0.51,-0.64,-1.93,-0.38
-7.36,7.78,-4.68,0.76,-0.71,-1.67,-0.38
-6.86,8.91,-6.92,0.67,-1.04,-1.72,-0.38
-7.23,9.45,-5.44,0.43,-1.11,-1.87,-0.37
-9.01,13.70,-5.22,0.56,-1.23,-1.89,-0.37
-7.44,12.47,-3.89,0.44,-1.10,-1.84,-0.37
-7.11,11.31,-2.65,0.58,-0.68,-1.92,-0.37
-4.70,9.63,-4.79,0.55,-0.70,-1.89,-0.37
-3.82,6.89,-4.31,0.68,-0.47,-2.28,-0.37
-3.11,2.46,-4.92,0.54,-0.60,-2.56,-0.37
-3.43,0.47,-4.73,0.09,-0.61,-2.35,-0.53
-3.12,1.52,-3.52,-0.66,-0.59,-1.27,-0.53
-1.38,2.78,-0.31,-1.15,-0.22,0.52,-0.53
1.20,2.16,-0.89,-1.09,0.67,2.08,-0.62
0.54,3.53,-0.77,-0.99,1.76,3.15,-0.62
-0.67,4.07,-2.73,-0.91,1.95,3.33,-0.71
-1.89,4.60,-2.26,-0.70,1.20,3.10,-0.71
-3.36,5.09,-2.83,-0.49,0.41,2.85,-0.71
-4.98,6.08,-3.03,-0.39,-0.21,2.73,-0.71
-5.96,7.12,-3.69,-0.25,-0.67,2.75,-0.71
-6.07,7.97,-4.30,-0.19,-0.26,2.88,-0.56
-5.71,10.00,-3.44,-0.49,0.43,2.90,-0.56
-5.73,7.27,-4.23,-0.31,0.98,1.93,-0.56
-6.88,9.51,-8.08,0.09,1.66,0.65,-0.68
-9.24,5.75,-7.70,-0.49,1.68,-0.43,-0.68
-12.66,5.66,-7.27,-1.16,-0.44,-1.41,-0.56
-11.44,6.00,-9.87,-1.96,-0.63,-2.09,-0.56
-12.22,1.81,-6.01,-2.71,0.80,-1.56,-0.56
-14.72,-0.39,-0.23,-2.53,0.27,-1.50,-0.56
-14.91,1.49,-1.08,-2.00,1.05,-0.62,-0.56
-15.56,3.77,1.93,-1.36,0.40,0.41,-0.54
-12.16,4.78,2.30,-0.55,-0.06,1.15,-0.54
-8.49,2.22,-0.40,0.10,-0.14,1.03,-0.54
-7.51,2.62,-2.86,0.33,0.03,0.85,-0.26
-6.38,2.20,-4.02,0.16,-0.01,0.49,-0.26
-5.75,2.27,-3.24,-0.12,0.14,-0.25,-0.24
-6.58,2.92,-2.01,-0.20,0.30,-0.75,-0.24
-7.47,2.08,-1.72,-0.33,0.42,-1.29,-0.24
-11.62,-0.45,-6.07,-0.12,1.52,-1.53,-0.24
-11.45,0.89,-3.60,-0.53,0.34,-1.12,-0.24
-13.93,14.54,-0.61,0.36,1.31,-0.85,-0.56
-13.24,19.61,-4.83,0.88,0.78,0.52,-0.56
-8.12,12.01,-5.08,0.79,0.68,1.21,-0.56