-0.20,9.57,-1.93,-0.10,-0.02,0.01,-1.49
-0.06,9.61,-2.05,-0.10,-0.01,-0.02,-1.45
-0.06,9.63,-2.04,-0.12,-0.05,-0.06,-1.45
0.20,9.64,-2.14,-0.14,-0.14,-0.14,-1.45
0.73,9.93,-2.04,-0.17,-0.29,-0.26,-1.45
2.19,10.06,-2.62,-0.19,-0.39,-0.51,-1.45
3.60,10.07,-3.37,-0.24,-0.33,-0.92,-1.41
4.54,10.39,-3.92,-0.22,-0.17,-1.33,-1.41
2.50,11.08,-3.99,-0.09,0.07,-1.74,-1.41
-0.35,13.14,-5.06,0.07,-0.19,-1.78,-1.72
3.03,11.79,-5.13,0.11,-0.38,-1.52,-1.72
6.50,9.40,-5.09,0.30,0.20,-1.09,-1.80
6.09,7.98,-4.38,0.50,0.73,-0.64,-1.80
4.16,8.31,-4.80,0.69,0.72,0.07,-1.80
3.98,8.37,-3.87,0.71,0.41,0.80,-2.15
3.72,8.58,-3.54,0.75,0.17,1.53,-2.15
4.10,8.70,-2.96,0.82,0.21,2.12,-2.15
4.85,9.26,-2.98,0.85,0.64,2.45,-2.15
4.14,10.07,-2.79,0.78,1.28,2.63,-2.15
2.93,10.67,-2.87,0.65,1.74,2.79,-1.93
1.80,11.03,-3.22,0.49,1.96,2.88,-1.93
0.32,10.98,-3.41,0.40,1.85,2.87,-1.84
-1.02,10.84,-3.62,0.34,1.58,2.80,-1.84
-2.50,9.96,-3.39,0.33,1.11,2.68,-1.84
-2.55,9.18,-3.48,0.42,0.63,2.46,-1.98
-1.83,9.12,-3.13,0.53,0.35,2.22,-1.98
-2.19,8.46,-2.58,0.58,0.10,1.83,-1.98
-1.81,8.89,-2.45,0.57,0.01,1.28,-1.98
-1.70,9.73,-2.45,0.48,-0.01,0.68,-1.98
-2.96,8.97,-1.87,0.40,-0.11,0.09,-1.68
-3.90,9.16,-2.10,0.37,-0.22,-0.52,-1.68
-4.03,9.57,-1.52,0.24,-0.36,-1.13,-1.62
1.14,13.38,-1.07,-0.07,-0.17,-1.29,-1.62
19.61,16.56,1.79,-0.21,0.37,-0.23,-1.62
6.75,10.98,-1.28,-0.00,0.95,-1.74,-1.50
-0.35,11.10,0.28,0.41,1.43,-2.08,-1.50
1.45,9.21,-3.39,0.54,0.75,-2.31,-1.50
-4.16,11.27,-11.88,0.90,0.29,-2.53,-1.50
-8.10,8.12,-7.02,0.14,-0.65,-1.53,-1.50
-2.91,10.28,-3.18,-0.08,-1.71,-1.02,-1.75
1.14,10.92,-1.07,-0.06,-1.42,-0.82,-1.75
3.19,9.23,-0.82,0.20,-0.32,-0.97,-1.68
-0.25,10.20,-3.68,0.23,-0.09,-1.07,-1.68
-1.72,8.64,-5.91,0.00,-0.96,-0.77,-1.68
1.93,7.47,-6.35,-0.17,-1.74,-0.54,-1.72
5.04,8.32,-4.72,-0.19,-1.35,-0.71,-1.72
4.98,8.32,-3.86,-0.12,-0.65,-1.10,-1.72
1.78,8.91,-3.82,-0.09,-0.45,-1.35,-1.72
0.02,8.99,-4.15,-0.09,-0.54,-1.35,-1.72
0.32,8.98,-4.40,-0.12,-0.58,-1.33,-1.54
-0.32,9.11,-3.92,-0.19,-0.50,-1.35,-1.54
-1.52,9.40,-2.99,-0.25,-0.57,-1.36,-1.59
-0.89,9.34,-3.64,-0.22,-0.77,-1.32,-1.59
-1.02,9.33,-4.25,-0.24,-0.75,-1.33,-1.59
-1.72,9.54,-4.49,-0.28,-0.88,-1.29,-1.74
-0.46,9.25,-4.69,-0.31,-0.92,-1.32,-1.74
-1.96,10.19,-4.14,-0.30,-1.04,-1.41,-1.60
-1.45,11.29,-3.65,-0.36,-1.16,-1.46,-1.60
-1.62,12.01,-2.81,-0.46,-1.15,-1.57,-1.60
-1.26,11.64,-2.12,-0.55,-1.04,-1.64,-1.60
-0.21,11.68,-2.70,-0.62,-0.81,-1.82,-1.60
-1.43,12.47,-2.76,-0.68,-0.87,-1.95,-1.73
0.68,12.13,-3.55,-0.74,-0.98,-2.08,-1.73
-0.21,12.22,-4.11,-0.77,-1.10,-2.32,-1.73
0.78,14.62,-4.96,-0.81,-1.57,-2.39,-1.88
4.34,13.34,-4.24,-0.65,-1.76,-2.54,-1.88
4.89,15.18,-5.37,-0.59,-1.62,-2.77,-2.03
-3.42,18.79,-8.08,-0.93,-0.99,-3.38,-2.03
-1.45,14.74,-7.01,-1.05,-0.43,-2.95,-2.03
-3.30,6.88,-5.97,-0.39,0.33,-3.36,-2.03
-6.55,6.13,-6.99,-0.14,1.16,-2.20,-2.03
-2.93,2.31,-3.75,-0.34,0.48,0.07,-1.88
1.92,4.25,-0.70,-0.44,-0.30,1.55,-1.88
4.92,1.79,-1.04,-0.08,-0.60,1.95,-1.88
1.66,2.05,-1.09,0.50,0.24,2.24,-1.98
-0.42,3.68,-1.46,0.91,0.94,3.02,-1.98
-2.20,5.33,-1.41,1.06,0.89,3.83,-2.24
-3.08,6.92,-1.45,1.13,0.92,4.37,-2.24
-2.35,8.79,-1.70,1.22,1.01,4.37,-2.24
-2.84,9.56,-1.86,1.24,1.10,4.37,-2.24
-2.77,10.82,-1.42,1.19,1.26,4.37,-2.24
-3.17,11.71,-1.56,1.13,1.60,4.37,-2.63
-3.98,12.49,-2.00,1.04,1.62,4.37,-2.63
-4.05,13.25,-1.75,0.93,1.67,4.37,-2.63
-3.15,14.63,-1.49,0.83,1.95,4.37,-2.12
-4.21,16.16,-1.87,0.67,2.24,4.37,-2.12
-5.21,16.82,-1.53,0.40,2.34,4.30,-2.07
-7.12,13.34,-1.33,0.31,2.03,3.57,-2.07
-12.08,12.64,-1.47,0.27,1.04,2.12,-2.07
-12.05,9.23,-1.60,-0.06,0.26,0.19,-2.07
-11.72,8.60,-2.88,0.02,-0.38,-1.86,-2.07
-6.11,13.75,-4.06,-0.16,-0.46,-2.62,-2.17
19.61,19.61,3.61,-0.53,-0.31,-0.47,-2.17
6.16,9.98,-3.63,-0.18,-0.27,-2.69,-2.17
-5.73,10.55,0.94,0.56,0.50,-2.75,-1.77
-3.26,6.96,-10.79,1.10,0.67,-2.66,-1.77
-7.97,13.26,-5.45,0.20,-0.17,-2.04,-1.87
-5.08,7.45,-8.25,0.19,-1.13,-1.51,-1.87
-2.25,10.47,-4.29,-0.21,-1.48,-1.00,-1.87
1.27,9.65,-0.47,-0.15,-1.03,-0.82,-1.87
2.72,9.86,-1.30,0.11,-0.09,-0.98,-1.87
-0.56,9.65,-2.81,0.14,0.04,-1.07,-1.94
-1.58,9.13,-5.15,-0.02,-0.81,-0.86,-1.94
2.01,8.13,-5.72,-0.18,-1.43,-0.72,-1.94
4.88,8.33,-3.74,-0.12,-0.92,-0.92,-1.53
3.15,8.94,-2.57,-0.08,-0.29,-1.33,-1.53
0.17,8.98,-3.68,-0.08,-0.29,-1.49,-1.63
0.34,8.80,-4.28,-0.10,-0.46,-1.50,-1.63
0.29,9.44,-4.22,-0.15,-0.43,-1.54,-1.63
-0.51,9.17,-3.77,-0.19,-0.22,-1.58,-2.00
-3.67,9.93,-2.29,-0.25,-0.33,-1.55,-2.00
-1.77,10.05,-3.38,-0.27,-0.57,-1.41,-2.00
-2.68,10.46,-3.67,-0.32,-0.63,-1.41,-2.00
-1.96,11.64,-3.00,-0.36,-0.99,-1.39,-2.00
-0.46,12.72,-3.28,-0.47,-1.12,-1.51,-1.80
0.18,12.44,-3.12,-0.58,-0.99,-1.69,-1.80
1.19,12.17,-3.22,-0.69,-0.82,-1.99,-1.68
0.75,12.89,-3.43,-0.78,-0.82,-2.28,-1.68
0.04,13.39,-3.74,-0.85,-0.99,-2.47,-1.68
-0.60,13.59,-4.43,-0.89,-1.44,-2.59,-1.65
2.88,16.10,-6.59,-0.86,-1.97,-2.77,-1.65
4.77,13.61,-7.13,-0.55,-2.59,-3.07,-1.65
3.17,18.13,-8.60,-0.83,-2.32,-3.19,-1.65
4.35,16.44,-8.90,-1.14,-1.19,-2.81,-1.65
-0.89,9.31,-6.10,-0.46,0.22,-3.18,-2.04
-4.67,7.55,-4.85,0.09,0.86,-3.00,-2.04
-9.73,3.82,-4.08,-0.21,0.91,-1.26,-2.28
-3.34,5.49,-3.12,-0.57,0.78,1.18,-2.28
4.66,1.11,1.77,-0.32,-0.23,2.40,-2.28
4.36,1.17,-0.09,0.42,0.12,2.37,-1.58
1.85,2.20,-2.46,0.92,1.38,3.03,-1.58
-0.84,4.30,-1.51,1.16,1.54,3.69,-1.58
-4.22,6.15,-1.37,1.29,1.13,4.36,-1.58
-3.35,8.41,-1.14,1.25,0.82,4.37,-1.58
-2.16,9.75,-1.03,1.27,0.79,4.37,-2.09
-1.04,10.35,-0.94,1.40,1.16,4.37,-2.09
-2.83,12.51,-1.83,1.44,1.59,4.37,-2.38
-3.47,13.62,-1.75,1.35,1.71,4.37,-2.38
-4.25,14.77,-2.25,1.24,1.78,4.37,-2.38
-4.23,15.35,-2.77,1.07,1.97,4.37,-1.97
-3.10,16.88,-2.85,0.84,2.32,4.37,-1.97
-7.21,17.48,-2.07,0.54,2.34,4.16,-1.97
-8.38,12.37,-1.94,0.45,1.38,3.26,-1.97
-11.51,9.69,-1.27,0.16,0.62,1.11,-1.97
-12.44,9.12,-1.80,0.24,-0.26,-1.10,-2.20
-12.11,9.24,-2.37,0.29,-0.69,-2.32,-2.20
0.39,15.91,-3.13,-0.29,-0.43,-2.57,-1.77
19.61,19.61,9.26,-0.39,-0.09,-0.22,-1.77
0.22,6.66,-1.23,-0.04,1.63,-3.77,-1.77
-9.09,11.78,-0.94,0.84,0.87,-2.94,-1.85
-6.56,19.40,-16.91,0.74,0.54,-2.99,-1.85
-7.79,4.09,-5.63,0.05,-0.94,-1.66,-1.84
-3.68,8.45,-8.05,-0.20,-2.12,-1.59,-1.84
-1.96,11.05,-2.46,-0.36,-1.77,-1.09,-1.84
6.63,8.39,-0.79,-0.00,-0.49,-1.19,-1.84
2.73,9.35,-2.31,0.14,0.77,-1.58,-1.84
-6.79,10.59,-3.86,-0.00,0.11,-1.33,-1.60
-4.56,9.02,-4.27,-0.14,-1.06,-0.64,-1.60
2.68,9.24,-2.94,-0.10,-1.15,-0.59,-1.60
1.03,9.35,-2.96,-0.12,-0.59,-0.83,-1.69
1.25,8.40,-4.58,-0.16,-0.40,-0.86,-1.69
-0.34,8.93,-4.40,-0.16,-0.41,-0.96,-1.84
0.11,9.13,-3.56,-0.17,-0.62,-0.99,-1.84
1.68,8.88,-3.37,-0.19,-0.54,-1.19,-1.84
-0.05,8.87,-3.49,-0.21,-0.43,-1.39,-1.84
-1.35,9.31,-3.24,-0.27,-0.47,-1.50,-1.84
-2.40,10.31,-4.00,-0.36,-0.55,-1.45,-1.63
-2.17,10.43,-4.43,-0.42,-0.54,-1.38,-1.63
-2.20,11.27,-3.41,-0.41,-0.72,-1.42,-1.63
-1.35,11.15,-2.89,-0.45,-0.92,-1.45,-1.63
-1.00,11.73,-2.79,-0.53,-0.85,-1.59,-1.63
0.06,12.05,-1.93,-0.61,-0.91,-1.82,-1.86
1.02,12.10,-1.99,-0.70,-0.94,-2.11,-1.86
-0.08,13.35,-4.41,-0.86,-0.98,-2.45,-1.86
-0.03,16.12,-7.07,-0.99,-1.40,-2.64,-1.86
1.99,14.49,-6.05,-0.87,-1.81,-2.90,-1.86
7.27,15.13,-6.87,-0.58,-2.03,-2.92,-1.92
1.90,16.35,-7.94,-0.88,-1.89,-2.86,-1.92
-2.88,16.88,-8.08,-1.04,-1.07,-2.86,-1.92
-3.97,7.35,-7.59,0.07,-0.07,-3.31,-2.16
-6.15,7.99,-7.51,0.18,0.11,-2.56,-2.16
-5.36,4.28,-1.73,-0.09,-0.52,-0.21,-1.65
3.49,4.87,-1.24,-0.02,-0.64,1.32,-1.65
9.04,2.55,-0.15,0.24,-0.34,1.46,-1.65
3.64,2.55,-1.49,0.76,1.09,1.60,-1.65
-0.02,4.69,-2.06,1.04,2.08,2.33,-1.65
-2.76,5.55,-1.63,0.95,1.88,3.36,-2.12
-2.38,5.09,-1.07,0.91,1.39,4.19,-2.12
-2.29,8.24,-2.12,1.07,1.26,4.37,-2.12
-3.20,9.25,-2.30,1.13,1.20,4.37,-1.94
-1.95,10.15,-1.94,1.14,1.21,4.37,-1.94
-2.60,11.35,-2.55,1.18,1.70,4.37,-2.34
-2.81,12.34,-3.17,1.21,2.13,4.37,-2.34
-4.60,13.88,-3.62,1.24,2.31,4.37,-2.34
-5.76,15.16,-3.95,1.16,2.15,4.37,-2.35
-5.48,16.23,-4.48,1.00,1.87,4.37,-2.35
-8.55,15.55,-2.47,0.88,1.29,4.37,-2.35
-9.59,11.70,-1.43,0.71,-0.10,3.71,-2.35
-6.84,11.43,-1.53,0.36,-0.39,1.63,-2.35
-10.29,7.45,-0.11,0.36,-0.38,-0.80,-1.83
-9.77,10.31,-1.14,0.44,-0.51,-2.21,-1.83
-1.85,16.35,0.98,-0.24,-0.48,-2.70,-1.75
19.61,18.24,-4.02,-0.48,1.81,-1.59,-1.75
17.86,14.18,3.62,-0.18,0.63,-2.62,-1.75
-11.87,8.03,-0.14,0.78,3.12,-4.18,-1.43
-10.16,15.93,-18.71,1.15,1.84,-3.38,-1.43
-12.74,5.89,-4.58,0.13,-0.45,-2.00,-1.43
-8.10,8.76,-6.36,-0.19,-2.08,-1.58,-1.43
-3.96,12.10,-2.25,-0.55,-2.82,-0.87,-1.43
3.98,9.07,0.41,-0.21,-1.50,-0.83,-1.67
5.83,8.57,-2.05,0.22,0.28,-1.27,-1.67
-3.60,10.30,-6.21,0.04,0.80,-1.36,-1.76
-6.75,8.99,-5.86,-0.13,-0.50,-0.68,-1.76
-0.87,8.30,-4.30,-0.18,-1.52,-0.23,-1.76
4.09,9.25,-2.86,-0.10,-1.03,-0.42,-1.83
3.55,8.72,-3.31,-0.03,-0.29,-0.83,-1.83
-0.22,8.88,-4.32,-0.08,-0.26,-1.08,-1.83
-0.17,8.71,-4.34,-0.11,-0.59,-1.05,-1.83
0.28,9.16,-4.66,-0.17,-0.78,-1.16,-1.83
0.49,8.64,-3.77,-0.21,-0.82,-1.30,-1.55
0.22,9.04,-3.84,-0.25,-0.62,-1.50,-1.55
-2.07,9.37,-4.72,-0.31,-0.44,-1.54,-1.68
-4.45,9.74,-4.07,-0.33,-0.58,-1.47,-1.68
-4.05,11.68,-2.79,-0.32,-1.09,-1.26,-1.68
-0.73,11.46,-2.88,-0.39,-1.18,-1.29,-1.57
-0.19,12.23,-3.28,-0.51,-0.97,-1.52,-1.57
-0.27,11.89,-2.69,-0.59,-0.96,-1.74,-1.57
0.23,12.25,-2.81,-0.63,-1.03,-1.96,-1.57
0.28,12.57,-3.72,-0.71,-1.08,-2.23,-1.57
-0.53,13.59,-5.27,-0.77,-1.32,-2.41,-1.45
1.36,15.95,-6.18,-0.81,-1.78,-2.58,-1.45
3.30,14.43,-5.92,-0.43,-2.57,-2.82,-1.56
6.06,16.57,-6.91,-0.39,-2.51,-2.80,-1.56
2.87,19.58,-9.03,-0.98,-1.29,-3.21,-1.56
-1.62,12.09,-3.88,-1.02,-0.40,-3.20,-2.06
-6.91,6.29,-5.37,-0.07,0.27,-3.45,-2.06
-6.67,6.18,-5.98,-0.23,0.63,-1.33,-2.06
0.26,2.86,-2.04,-0.44,0.11,0.67,-2.06
4.72,2.78,-0.20,-0.15,-0.21,1.83,-2.06
4.52,2.76,-1.70,0.27,0.07,2.15,-1.81
1.12,3.62,-1.82,0.58,0.85,2.64,-1.81
-1.70,4.70,-0.99,0.85,1.14,3.59,-1.99
-2.05,5.63,-0.69,0.98,0.84,4.37,-1.99
-1.54,7.50,-0.62,1.07,0.61,4.37,-1.99
-2.27,9.35,-1.37,1.25,0.77,4.37,-1.97
-1.33,10.42,-1.33,1.35,1.08,4.37,-1.97
-3.27,12.06,-2.16,1.32,1.54,4.37,-2.33
-2.62,13.00,-2.15,1.25,1.74,4.37,-2.33
-4.99,14.21,-2.76,1.26,1.78,4.37,-2.33
-6.21,14.72,-3.36,1.17,1.69,4.37,-2.33
-4.58,16.12,-3.56,1.01,1.72,4.37,-2.33
-8.12,16.27,-2.20,0.73,1.88,4.37,-2.16
-8.79,12.05,-1.35,0.59,0.98,3.62,-2.16
-9.90,11.71,-1.48,0.33,0.28,1.61,-2.16
-11.53,7.80,-0.26,0.27,-0.05,-0.79,-1.78
-10.11,10.99,-2.38,0.30,-0.25,-2.32,-1.78
6.44,19.61,-3.76,-0.63,0.54,-2.49,-1.93
19.61,19.61,14.03,-0.42,-0.82,-0.64,-1.93
-4.20,3.72,-0.49,0.35,3.01,-4.37,-1.93
-7.34,5.33,-10.84,1.70,2.03,-3.37,-1.93
-8.10,17.60,-6.53,0.01,0.61,-2.65,-1.93
-10.13,6.13,-7.02,0.03,-1.74,-1.40,-1.64
-6.78,10.63,-7.32,-0.18,-2.84,-0.93,-1.64
-0.64,11.51,-1.65,-0.26,-1.63,-0.92,-1.64
5.38,8.51,-0.41,-0.08,-0.19,-1.04,-1.66
0.32,9.57,-2.33,0.09,1.00,-1.39,-1.66
-4.24,9.80,-4.11,0.03,0.27,-1.02,-1.70
-1.54,8.33,-5.16,-0.04,-0.93,-0.67,-1.70
0.43,9.33,-3.48,-0.09,-1.07,-0.55,-1.70
3.76,8.93,-2.66,0.01,-0.63,-0.73,-1.70
2.68,8.93,-3.70,0.02,-0.05,-1.08,-1.70
-1.16,9.01,-3.96,-0.04,-0.08,-1.16,-1.69
0.23,9.35,-3.30,-0.03,-0.54,-1.15,-1.69
0.34,9.53,-3.58,-0.10,-0.61,-1.29,-1.69
-0.16,9.29,-3.31,-0.15,-0.60,-1.41,-1.51
-1.33,9.67,-3.92,-0.23,-0.53,-1.47,-1.51
-2.80,9.56,-3.91,-0.30,-0.54,-1.37,-1.56
-3.30,10.24,-3.37,-0.32,-0.74,-1.28,-1.56
-0.91,11.45,-3.43,-0.38,-0.87,-1.25,-1.56
-1.10,11.58,-3.43,-0.43,-0.84,-1.40,-1.56
-0.08,11.21,-3.47,-0.52,-0.86,-1.59,-1.56
-0.36,12.07,-3.10,-0.61,-0.91,-1.83,-1.63
-0.43,12.66,-3.06,-0.70,-1.01,-2.05,-1.63
-0.52,12.64,-3.58,-0.77,-1.23,-2.22,-1.63
-0.92,13.32,-4.17,-0.75,-1.58,-2.32,-1.70
3.26,15.50,-6.90,-0.64,-1.92,-2.40,-1.70
4.53,13.53,-6.42,-0.31,-2.16,-2.70,-1.46
3.28,14.43,-7.15,-0.30,-2.32,-2.63,-1.46
-1.62,17.02,-8.21,-0.76,-1.82,-3.03,-1.46
-3.23,12.07,-5.36,-0.73,-0.87,-2.92,-1.58
-4.75,5.74,-5.73,0.10,-0.08,-3.13,-1.58
-6.92,5.58,-5.63,-0.08,0.38,-1.72,-1.58
-3.34,2.30,-0.95,-0.22,-0.01,0.09,-1.58
2.63,3.30,-0.09,-0.13,0.02,1.49,-1.58
4.38,1.57,0.10,0.19,0.12,1.70,-1.78
1.67,2.24,-1.09,0.68,0.98,2.14,-1.78
-0.74,3.61,-0.80,1.07,1.45,2.87,-1.64
-2.64,5.03,-0.53,1.23,1.25,3.56,-1.64
-3.05,7.13,-0.31,1.23,0.87,4.36,-1.64
-2.76,9.33,-0.59,1.22,0.76,4.37,-2.12
-2.39,9.62,-1.61,1.19,1.04,4.37,-2.12
-1.80,10.59,-2.41,1.23,1.50,4.37,-2.12
-3.51,11.46,-2.78,1.21,1.83,4.37,-2.12
-4.08,12.17,-2.39,1.22,1.81,4.37,-2.12
-4.55,13.57,-2.30,1.16,1.69,4.37,-2.09
-5.12,14.87,-2.46,1.03,1.51,4.37,-2.09
-3.17,15.04,-2.95,0.85,1.51,4.37,-1.87
-3.30,15.22,-1.62,0.70,1.74,4.05,-1.87
-6.76,12.88,-1.60,0.53,1.12,3.33,-1.87
-7.46,11.36,-1.44,0.38,0.47,1.90,-1.74
-8.64,9.30,-0.19,0.13,0.31,0.10,-1.74
-9.39,9.49,-2.07,0.15,-0.10,-1.68,-1.74
-4.62,12.65,-1.57,-0.05,-0.21,-2.37,-1.74
15.12,17.25,-3.17,-0.26,0.81,-1.49,-1.74
17.27,12.95,1.65,-0.14,-0.32,-1.52,-1.87
-6.28,7.68,-0.29,0.49,2.06,-3.64,-1.87
-4.40,7.45,-13.08,1.40,1.31,-2.75,-1.60
-7.10,11.28,-5.56,0.06,0.48,-2.41,-1.60
-9.56,8.22,-6.39,0.12,-1.13,-1.71,-1.60
-4.81,11.88,-4.36,-0.33,-2.32,-1.06,-1.77
1.66,9.86,0.34,-0.34,-2.02,-0.80,-1.77
5.95,8.34,-1.03,0.20,-0.38,-1.13,-1.77
2.38,9.32,-5.00,0.18,0.70,-1.46,-1.77
-4.84,9.35,-5.40,-0.02,0.23,-1.17,-1.77
-3.92,9.29,-4.77,-0.14,-1.01,-0.60,-1.64
0.78,9.22,-2.91,-0.14,-1.24,-0.45,-1.64
3.16,9.44,-2.65,-0.05,-0.80,-0.67,-1.68
2.29,8.78,-4.63,-0.07,-0.41,-0.90,-1.68
0.63,8.94,-4.70,-0.12,-0.38,-1.03,-1.68
-0.18,8.99,-3.98,-0.15,-0.55,-1.05,-1.72
0.05,9.14,-4.13,-0.23,-0.53,-1.10,-1.72
-1.03,9.15,-3.52,-0.24,-0.57,-1.17,-1.70
-0.82,9.13,-3.39,-0.24,-0.57,-1.21,-1.70
-1.59,9.28,-3.71,-0.27,-0.44,-1.21,-1.70
-3.19,9.84,-3.59,-0.31,-0.48,-1.16,-1.74
-3.18,10.98,-2.68,-0.34,-0.84,-1.05,-1.74
-0.43,11.13,-3.23,-0.45,-0.94,-1.05,-1.55
-0.08,10.60,-3.32,-0.52,-0.74,-1.26,-1.55
0.46,10.99,-3.60,-0.61,-0.59,-1.47,-1.55
0.04,11.15,-3.77,-0.65,-0.44,-1.74,-1.59
-0.04,11.60,-3.53,-0.71,-0.48,-1.98,-1.59
-1.03,11.97,-3.61,-0.75,-0.60,-2.18,-1.71
-1.63,12.42,-4.05,-0.76,-0.89,-2.23,-1.71
-0.45,13.91,-5.05,-0.74,-1.44,-2.28,-1.71
1.21,14.03,-5.00,-0.54,-2.10,-2.41,-1.71
2.04,14.61,-5.55,-0.36,-2.92,-2.35,-1.71
2.29,16.97,-6.89,-0.66,-2.80,-2.39,-1.91
1.22,16.26,-6.77,-1.13,-1.75,-2.64,-1.91
-2.95,8.90,-5.13,-0.67,-0.51,-2.51,-1.91
-4.30,6.39,-4.64,-0.08,0.14,-2.62,-1.90
-7.61,4.08,-4.47,-0.26,0.89,-1.54,-1.90
-4.07,3.76,-3.65,-0.48,0.80,0.42,-1.95
1.20,2.66,0.52,-0.47,0.39,1.98,-1.95
4.56,0.74,0.57,0.05,0.36,2.04,-1.95
2.00,2.03,-1.58,0.58,1.42,2.35,-1.95
-0.84,3.35,-2.10,0.73,1.87,3.10,-1.95
-2.44,4.97,-1.76,0.84,1.49,3.83,-1.67
-2.53,6.77,-2.26,0.99,1.37,4.37,-1.67
-2.91,8.92,-2.80,1.03,1.27,4.37,-1.67
-3.43,9.72,-2.95,1.08,1.19,4.37,-2.07
-2.45,10.90,-3.20,1.16,1.33,4.37,-2.07
-2.57,11.85,-3.27,1.25,1.89,4.37,-1.85
-4.56,12.52,-4.07,1.29,2.26,4.37,-1.85
-4.76,13.30,-4.03,1.20,2.19,4.37,-1.85
-2.71,13.97,-3.96,1.05,2.15,4.37,-1.85
-3.70,15.33,-4.24,0.87,2.30,4.18,-1.85
-7.41,14.60,-2.85,0.69,1.52,3.86,-1.79
-5.86,11.33,-3.22,0.71,0.44,3.35,-1.79
-5.75,10.34,-2.43,0.64,-0.29,2.09,-1.79
-5.53,9.18,-1.38,0.44,-0.51,0.33,-1.87
-7.99,9.48,-1.40,0.52,-0.95,-1.27,-1.87
-4.91,10.57,-2.29,0.49,-0.88,-2.18,-1.53
2.89,14.56,-1.03,-0.10,-0.43,-2.57,-1.53
19.61,19.61,0.18,-0.57,1.33,-1.24,-1.53
12.39,10.82,1.41,0.02,1.63,-2.95,-1.53
-13.65,10.01,2.02,0.64,3.01,-4.09,-1.53
-7.76,10.90,-13.61,1.10,0.95,-2.84,-1.50
-8.45,9.29,-6.59,-0.06,0.12,-2.27,-1.50
-6.15,8.35,-8.48,-0.18,-2.05,-1.52,-1.50
-1.69,10.63,-2.20,-0.47,-2.51,-0.93,-1.55
3.46,8.91,0.49,-0.13,-1.17,-1.00,-1.55
5.16,9.08,-2.49,0.30,0.53,-1.47,-1.53
-2.46,9.52,-5.75,0.15,0.74,-1.54,-1.53
-6.87,9.20,-6.32,-0.13,-0.46,-0.87,-1.53
-0.57,8.95,-4.41,-0.13,-1.44,-0.41,-1.33
3.95,9.28,-2.59,-0.06,-0.88,-0.60,-1.33
1.12,9.29,-3.59,-0.07,-0.31,-0.92,-1.33
-0.39,9.01,-4.52,-0.14,-0.42,-0.98,-1.33
0.07,8.74,-4.38,-0.18,-0.61,-1.02,-1.33
0.54,9.03,-3.65,-0.20,-0.64,-1.14,-1.54
-0.06,9.46,-3.33,-0.24,-0.57,-1.30,-1.54
-1.02,9.47,-3.64,-0.30,-0.51,-1.41,-1.82
-2.49,9.61,-3.61,-0.31,-0.50,-1.42,-1.82
-3.29,10.76,-3.55,-0.34,-0.60,-1.29,-1.82
-2.62,10.75,-3.60,-0.33,-0.70,-1.23,-1.70
-2.50,10.53,-3.58,-0.37,-0.94,-1.24,-1.70
0.00,10.83,-3.76,-0.46,-1.05,-1.37,-1.70
-0.06,11.88,-3.22,-0.49,-0.91,-1.62,-1.70
-0.12,11.90,-2.09,-0.53,-1.02,-1.87,-1.70
0.54,12.49,-2.59,-0.62,-1.16,-2.16,-1.55
-0.23,13.08,-3.73,-0.69,-1.37,-2.40,-1.55
-1.07,14.73,-5.46,-0.75,-1.88,-2.53,-1.80
-0.09,15.11,-5.75,-0.66,-2.56,-2.80,-1.80
3.01,13.96,-6.43,-0.36,-3.52,-3.05,-1.80
3.26,19.43,-9.72,-0.64,-2.79,-3.26,-1.73
7.11,15.23,-8.59,-0.91,-1.56,-2.65,-1.73
0.86,7.37,-4.15,-0.08,-0.22,-2.94,-1.73
-7.41,5.83,-3.91,0.43,0.15,-2.80,-1.73
-11.58,4.07,-3.53,-0.03,0.62,-0.68,-1.73
-2.48,3.97,-1.98,-0.24,0.28,1.77,-1.99
4.62,1.44,2.52,0.03,-0.30,2.95,-1.99
5.11,1.92,-0.95,0.83,0.45,2.68,-1.81
2.47,3.64,-2.43,1.25,1.50,3.19,-1.81
-0.59,6.10,-0.63,1.38,1.37,3.78,-1.81
-5.10,7.93,-0.24,1.53,0.73,4.37,-2.09
-4.96,9.39,-0.52,1.43,0.32,4.37,-2.09
-1.02,9.91,-0.59,1.39,-0.04,4.37,-2.09
0.82,10.69,-1.37,1.56,0.59,4.37,-2.09
-0.21,12.66,-2.06,1.67,1.76,4.37,-2.09
-2.49,14.38,-2.13,1.55,2.42,4.37,-2.23
-3.72,15.76,-2.65,1.24,2.60,4.37,-2.23
-2.43,16.42,-2.63,0.84,2.88,4.37,-1.96
-3.05,16.86,-3.69,0.58,3.21,4.37,-1.96
-9.30,15.20,-3.51,0.48,2.58,4.21,-1.96
-10.68,12.12,-2.55,0.57,1.12,3.15,-1.97
-13.23,9.00,-1.37,0.08,-0.12,0.95,-1.97
-11.68,8.96,-2.93,0.36,-1.17,-1.35,-1.83
-7.64,12.37,-3.58,0.33,-1.00,-2.10,-1.83
6.14,19.16,-1.67,-0.69,-0.25,-2.20,-1.83
19.61,17.57,12.54,-0.25,-0.87,-0.63,-1.83
-3.06,7.41,-1.60,0.39,2.62,-4.37,-1.83
-7.67,10.21,-5.81,0.78,1.27,-3.04,-1.92
-7.41,5.75,-12.86,0.97,-0.10,-2.46,-1.92
-8.64,10.16,-6.21,-0.06,-1.77,-1.34,-1.92
-3.72,8.83,-8.03,-0.25,-2.55,-1.03,-1.80
1.90,10.21,-2.05,-0.34,-1.71,-0.91,-1.80
5.03,9.50,0.60,0.01,-0.15,-1.23,-1.53
1.36,9.44,-1.94,0.23,0.99,-1.47,-1.53
-4.17,10.07,-5.07,0.07,0.58,-1.27,-1.53
-4.66,8.77,-5.00,-0.11,-0.78,-0.64,-1.53
0.37,8.95,-4.23,-0.18,-1.36,-0.38,-1.53
4.54,8.98,-2.63,-0.06,-0.78,-0.58,-1.53
2.96,9.00,-3.57,-0.02,-0.05,-0.92,-1.53
1.15,8.50,-4.84,-0.04,-0.02,-1.08,-1.53
1.57,8.28,-4.99,-0.08,-0.15,-1.15,-1.78
0.62,8.82,-4.20,-0.13,-0.20,-1.31,-1.78
0.68,9.11,-2.67,-0.16,-0.29,-1.47,-1.78
-0.17,9.46,-2.05,-0.18,-0.22,-1.65,-1.78
-3.11,10.18,-2.64,-0.23,-0.32,-1.65,-1.78
-3.61,9.92,-3.50,-0.28,-0.60,-1.45,-1.78
-2.88,10.14,-4.13,-0.33,-0.76,-1.35,-1.78
-2.38,11.17,-3.66,-0.38,-0.95,-1.26,-1.75
-1.62,11.31,-2.87,-0.41,-1.00,-1.33,-1.75
0.03,11.26,-2.93,-0.52,-0.94,-1.46,-1.75
-1.03,12.37,-2.72,-0.59,-0.86,-1.69,-1.68
1.21,11.75,-2.68,-0.69,-0.91,-1.92,-1.68
0.01,12.88,-4.68,-0.79,-0.83,-2.35,-1.55
-2.80,14.03,-5.26,-0.80,-1.49,-2.37,-1.55
2.63,16.11,-7.27,-0.80,-2.00,-2.47,-1.55
3.27,13.91,-6.75,-0.42,-2.46,-2.83,-1.55
2.95,16.45,-7.79,-0.33,-3.05,-2.75,-1.55
2.15,17.61,-9.75,-0.80,-2.29,-2.80,-1.92
1.06,11.87,-5.04,-0.90,-1.10,-2.72,-1.92
-3.94,6.13,-3.75,-0.03,-0.22,-3.01,-1.92
-7.81,5.13,-6.39,0.11,0.61,-2.09,-2.08
-5.76,2.24,-2.09,-0.31,0.22,0.04,-2.08
0.63,3.94,0.43,-0.42,-0.03,1.94,-1.82
6.01,1.43,1.13,0.02,-0.03,2.24,-1.82
3.91,1.75,-0.95,0.75,1.10,2.23,-1.82
0.09,3.75,-2.21,1.02,1.76,2.91,-2.19
-3.80,5.58,-1.32,1.09,1.31,3.66,-2.19
-4.35,6.54,-1.01,1.18,0.87,4.37,-2.19
-2.41,8.82,-1.36,1.20,0.72,4.37,-2.19
-1.59,9.66,-1.78,1.24,0.89,4.37,-2.19
-0.54,10.81,-1.97,1.38,1.58,4.37,-2.55
-2.15,11.92,-2.35,1.41,2.53,4.37,-2.55
-3.69,12.77,-2.98,1.34,2.98,4.37,-2.21
-4.26,14.01,-3.39,1.17,2.91,4.37,-2.21
-2.92,14.81,-3.52,0.89,2.78,4.37,-2.21
-2.18,16.56,-4.53,0.61,2.91,4.37,-2.22
-6.21,15.26,-3.21,0.45,2.41,4.21,-2.22
-6.99,11.40,-2.78,0.62,0.93,3.59,-2.22
-8.14,10.67,-1.65,0.49,-0.27,2.27,-2.22
-6.33,8.75,-1.77,0.21,-0.67,0.27,-2.22
-8.65,8.86,-2.25,0.38,-1.19,-1.20,-1.90
-6.34,10.52,-1.69,0.46,-1.38,-1.75,-1.90
-1.01,14.67,-0.99,-0.02,-1.13,-2.13,-1.94
14.43,15.11,-2.27,-0.43,0.43,-1.73,-1.94
19.61,16.47,7.14,-0.10,-0.14,-1.00,-1.94
-7.07,6.47,-0.72,0.35,2.76,-3.75,-1.64
-5.86,6.64,-9.94,1.28,1.04,-2.46,-1.64
-6.84,18.93,-11.53,-0.13,0.22,-2.53,-1.64
-6.54,4.38,-6.78,0.12,-1.04,-1.61,-1.64
-4.00,10.77,-6.04,-0.38,-2.04,-1.39,-1.64
-1.39,11.06,0.14,-0.45,-1.93,-0.89,-1.82
5.36,8.49,1.13,0.05,-0.49,-1.11,-1.82
3.92,9.26,-3.50,0.31,0.65,-1.54,-1.44
-5.20,9.69,-6.30,0.04,0.37,-1.33,-1.44
-3.34,8.40,-5.39,-0.08,-1.08,-0.63,-1.44
3.64,8.83,-4.97,-0.12,-1.17,-0.60,-1.63
4.07,8.78,-2.86,-0.12,-0.29,-0.99,-1.63
0.18,8.83,-3.68,-0.14,-0.05,-1.25,-1.63
-0.81,9.03,-3.92,-0.18,-0.21,-1.26,-1.63
-0.26,8.81,-3.93,-0.22,-0.36,-1.20,-1.63
-0.24,8.97,-3.29,-0.24,-0.23,-1.25,-1.72
-0.94,9.05,-2.43,-0.24,-0.17,-1.34,-1.72
-2.73,9.53,-3.04,-0.24,-0.19,-1.31,-1.52
-3.46,9.59,-3.18,-0.28,-0.47,-1.21,-1.52
-2.71,10.08,-3.73,-0.31,-0.77,-1.09,-1.52
-0.92,10.28,-4.48,-0.37,-0.76,-1.06,-1.56
-1.92,10.87,-4.13,-0.38,-0.80,-1.17,-1.56