-0.51,9.45,-2.52,0.01,-0.02,-0.04,-1.90
-0.51,9.45,-2.53,0.01,-0.02,-0.03,-1.90
-0.37,9.39,-2.51,0.02,-0.02,-0.03,-1.90
-0.47,9.40,-2.52,0.02,-0.00,-0.03,-1.90
-0.55,9.43,-2.57,0.02,-0.00,-0.03,-1.90
-0.36,9.44,-2.63,0.02,-0.01,-0.03,-1.93
-0.38,9.43,-2.52,0.02,-0.01,-0.02,-1.93
-0.51,9.50,-2.53,0.02,-0.01,-0.03,-1.93
-0.44,9.44,-2.56,0.01,-0.02,-0.02,-2.03
-0.41,9.35,-2.49,0.01,-0.02,-0.02,-2.03
-0.34,9.48,-2.59,0.02,-0.00,-0.03,-1.97
-0.35,9.43,-2.66,0.02,-0.01,-0.04,-1.97
-0.41,9.34,-2.66,0.02,-0.02,-0.03,-1.97
-0.34,9.40,-2.52,0.02,-0.02,-0.04,-1.97
-0.47,9.42,-2.57,0.02,-0.01,-0.04,-1.97
-0.42,9.39,-2.56,0.02,-0.02,-0.04,-2.11
-0.24,9.39,-2.62,0.01,-0.02,-0.05,-2.11
-0.52,9.43,-2.44,0.02,-0.00,-0.05,-2.11
-0.53,9.42,-2.59,0.02,-0.01,-0.04,-2.03
-0.38,9.35,-2.62,0.02,-0.02,-0.03,-2.03
-0.36,9.41,-2.68,0.02,-0.02,-0.04,-2.13
-0.51,9.39,-2.48,0.02,-0.02,-0.04,-2.13
-0.42,9.43,-2.62,0.02,-0.01,-0.03,-2.13
-0.43,9.35,-2.70,0.02,-0.02,-0.03,-2.13
-0.36,9.33,-2.58,0.02,-0.02,-0.03,-2.13
-0.47,9.42,-2.53,0.02,-0.01,-0.04,-2.14
-0.45,9.34,-2.61,0.01,-0.02,-0.04,-2.14
-0.30,9.42,-2.49,0.02,-0.02,-0.04,-2.14
-0.55,9.44,-2.49,0.01,-0.01,-0.04,-2.38
-0.52,9.41,-2.63,0.01,-0.03,-0.03,-2.38
-0.34,9.41,-2.52,0.01,-0.03,-0.03,-2.38
-0.42,9.47,-2.62,0.01,-0.01,-0.04,-2.38
-0.58,9.40,-2.59,0.01,-0.02,-0.04,-2.38
-0.42,9.42,-2.68,0.01,-0.03,-0.03,-2.17
-0.45,9.40,-2.55,0.01,-0.03,-0.04,-2.17
-0.35,9.43,-2.60,0.01,-0.02,-0.04,-2.17
-0.54,9.43,-2.54,0.01,-0.02,-0.04,-2.17
-0.57,9.38,-2.70,0.01,-0.03,-0.03,-2.17
-0.35,9.40,-2.52,0.01,-0.03,-0.02,-2.24
-0.43,9.39,-2.47,0.02,-0.01,-0.03,-2.24
-0.57,9.50,-2.58,0.01,-0.01,-0.03,-2.19
-0.58,9.44,-2.58,0.01,-0.02,-0.02,-2.19
-0.37,9.35,-2.56,0.01,-0.02,-0.02,-2.19
-0.40,9.47,-2.47,0.01,-0.00,-0.03,-2.05
-0.52,9.43,-2.55,0.01,-0.02,-0.03,-2.05
-0.37,9.36,-2.53,0.01,-0.02,-0.02,-2.05
-0.43,9.36,-2.59,0.02,-0.01,-0.02,-2.05
-0.47,9.45,-2.47,0.02,-0.01,-0.02,-2.05
-0.43,9.39,-2.68,0.02,-0.02,-0.02,-2.00
-0.44,9.42,-2.69,0.02,-0.01,-0.02,-2.00
-0.41,9.42,-2.50,0.02,-0.02,-0.02,-1.92
-0.36,9.44,-2.58,0.02,-0.02,-0.03,-1.92
-0.42,9.39,-2.59,0.02,0.00,-0.04,-1.92
-0.44,9.36,-2.60,0.02,-0.01,-0.03,-1.86
-0.55,9.41,-2.55,0.02,-0.02,-0.03,-1.86
-0.49,9.42,-2.55,0.02,-0.02,-0.02,-1.86
-0.39,9.37,-2.62,0.02,-0.01,-0.02,-1.86
-0.46,9.36,-2.64,0.02,-0.01,-0.03,-1.86
-0.34,9.40,-2.62,0.02,-0.02,-0.03,-2.02
-0.45,9.35,-2.54,0.01,-0.02,-0.03,-2.02
-0.37,9.32,-2.63,0.01,-0.01,-0.03,-2.04
-0.38,9.43,-2.58,0.01,-0.02,-0.03,-2.04
-0.52,9.39,-2.56,0.01,-0.02,-0.03,-2.04
-0.44,9.38,-2.58,0.01,-0.01,-0.03,-1.86
-0.32,9.39,-2.62,0.01,-0.01,-0.04,-1.86
-0.43,9.40,-2.53,0.01,-0.02,-0.03,-1.86
-0.47,9.42,-2.54,0.01,-0.01,-0.03,-1.86
-0.37,9.44,-2.55,0.01,-0.01,-0.03,-1.86
-0.41,9.38,-2.60,0.02,-0.01,-0.03,-1.97
-0.36,9.39,-2.57,0.01,-0.01,-0.03,-1.97
-0.45,9.39,-2.65,0.01,-0.01,-0.03,-2.15
-0.41,9.35,-2.52,0.02,-0.01,-0.03,-2.15
-0.38,9.49,-2.66,0.02,-0.01,-0.03,-2.15
-0.47,9.44,-2.57,0.02,-0.02,-0.03,-2.21
-0.38,9.46,-2.54,0.02,-0.02,-0.02,-2.21
-0.49,9.38,-2.53,0.02,-0.01,-0.02,-2.23
-0.48,9.36,-2.58,0.01,-0.02,-0.02,-2.23
-0.37,9.35,-2.60,0.02,-0.01,-0.03,-2.23
-0.40,9.37,-2.60,0.01,-0.01,-0.02,-2.23
-0.36,9.41,-2.59,0.02,-0.01,-0.02,-2.23
-0.45,9.35,-2.60,0.02,-0.02,-0.02,-2.11
-0.37,9.39,-2.60,0.02,-0.02,-0.02,-2.11
-0.38,9.45,-2.55,0.02,-0.01,-0.02,-2.11
-0.45,9.33,-2.54,0.02,-0.01,-0.03,-1.95
-0.34,9.36,-2.58,0.01,-0.02,-0.02,-1.95
-0.39,9.39,-2.64,0.02,-0.02,-0.02,-2.03
-0.40,9.38,-2.64,0.02,-0.01,-0.03,-2.03
-0.42,9.41,-2.55,0.02,-0.02,-0.02,-2.03
-0.38,9.36,-2.57,0.02,-0.01,-0.02,-2.03
-0.41,9.43,-2.44,0.02,-0.01,-0.02,-2.03
-0.34,9.44,-2.66,0.02,-0.01,-0.02,-2.19
-0.35,9.39,-2.62,0.02,-0.01,-0.02,-2.19
-0.44,9.44,-2.63,0.02,-0.01,-0.02,-2.19
-0.43,9.45,-2.57,0.02,-0.01,-0.02,-2.02
-0.27,9.48,-2.57,0.02,-0.00,-0.02,-2.02
-0.41,9.37,-2.61,0.02,0.00,-0.02,-2.32
-0.44,9.39,-2.56,0.02,-0.00,-0.01,-2.32
-0.34,9.40,-2.56,0.02,0.00,-0.02,-2.32
-0.33,9.43,-2.61,0.02,0.01,-0.02,-2.32
-0.40,9.44,-2.62,0.02,0.01,-0.01,-2.32
-0.38,9.42,-2.72,0.02,-0.00,-0.01,-2.47
-0.24,9.43,-2.62,0.02,-0.00,-0.01,-2.47
-0.35,9.45,-2.64,0.02,0.02,-0.02,-2.47
-0.29,9.31,-2.59,0.02,0.00,-0.02,-2.53
-0.33,9.39,-2.71,0.02,-0.00,-0.03,-2.53
-0.31,9.42,-2.63,0.01,0.00,-0.02,-2.20
-0.34,9.47,-2.64,0.01,0.00,-0.03,-2.20
-0.34,9.49,-2.52,0.02,-0.01,-0.03,-2.20
-0.43,9.38,-2.68,0.01,-0.02,-0.02,-2.20
-0.29,9.39,-2.65,0.01,-0.03,-0.03,-2.20
-0.23,9.39,-2.60,0.01,-0.02,-0.03,-2.39
-0.28,9.41,-2.55,0.01,-0.02,-0.04,-2.39
-0.42,9.44,-2.68,0.01,-0.02,-0.03,-2.39
-0.43,9.43,-2.55,0.01,-0.03,-0.02,-1.94
-0.34,9.45,-2.55,0.01,-0.03,-0.02,-1.94
-0.21,9.36,-2.64,0.02,-0.03,-0.03,-1.86
-0.30,9.43,-2.43,0.01,-0.01,-0.03,-1.86
-0.52,9.42,-2.64,0.01,-0.01,-0.03,-1.86
-0.22,9.38,-2.56,0.01,-0.04,-0.02,-1.86
-0.20,9.46,-2.59,0.01,-0.01,-0.03,-1.86
-0.48,9.40,-2.52,0.01,-0.00,-0.03,-1.76
-0.36,9.47,-2.57,0.02,-0.01,-0.02,-1.76
-0.38,9.38,-2.62,0.01,-0.02,-0.02,-1.76
-0.23,9.37,-2.62,0.01,-0.02,-0.03,-2.10
-0.38,9.37,-2.55,0.01,-0.01,-0.03,-2.10
-0.38,9.49,-2.54,0.02,-0.01,-0.02,-1.99
-0.27,9.41,-2.55,0.01,-0.02,-0.02,-1.99
-0.41,9.41,-2.57,0.01,-0.02,-0.02,-1.99
-0.37,9.40,-2.50,0.01,-0.01,-0.02,-2.17
-0.23,9.38,-2.52,0.02,-0.02,-0.02,-2.17
-0.17,9.42,-2.59,0.02,-0.01,-0.03,-2.17
-0.34,9.40,-2.59,0.02,0.00,-0.03,-2.17
-0.42,9.46,-2.55,0.02,-0.01,-0.02,-2.17
-0.24,9.39,-2.62,0.01,-0.04,-0.02,-2.26
-0.15,9.42,-2.53,0.02,-0.02,-0.03,-2.26
-0.30,9.42,-2.56,0.02,-0.02,-0.04,-2.09
-0.45,9.46,-2.58,0.01,-0.02,-0.03,-2.09
-0.24,9.43,-2.61,0.01,-0.03,-0.03,-2.09
-0.35,9.41,-2.59,0.01,-0.01,-0.03,-2.06
-0.41,9.46,-2.62,0.01,-0.02,-0.03,-2.06
-0.40,9.45,-2.71,0.01,-0.02,-0.03,-2.06
-0.15,9.42,-2.67,0.01,-0.03,-0.03,-2.06
-0.30,9.33,-2.49,0.01,-0.01,-0.04,-2.06
-0.37,9.52,-2.45,0.01,-0.01,-0.04,-1.97
-0.36,9.38,-2.69,0.01,-0.02,-0.04,-1.97
-0.30,9.36,-2.61,0.01,-0.02,-0.03,-1.76
-0.40,9.44,-2.58,0.01,-0.01,-0.03,-1.76
-0.33,9.41,-2.56,0.01,-0.02,-0.03,-1.76
-0.29,9.45,-2.58,0.01,-0.02,-0.03,-2.15
-0.31,9.43,-2.63,0.01,-0.02,-0.03,-2.15
-0.32,9.40,-2.54,0.01,-0.02,-0.04,-2.15
-0.46,9.42,-2.62,0.01,-0.01,-0.04,-2.15
-0.30,9.45,-2.63,0.02,-0.02,-0.03,-2.15
-0.30,9.41,-2.58,0.01,-0.03,-0.03,-1.97
-0.20,9.43,-2.53,0.01,-0.02,-0.04,-1.97
-0.34,9.34,-2.60,0.01,-0.01,-0.05,-1.95
-0.34,9.39,-2.65,0.01,-0.02,-0.04,-1.95
-0.38,9.49,-2.65,0.01,-0.02,-0.04,-1.95
-0.34,9.38,-2.58,0.01,-0.03,-0.03,-1.88
-0.32,9.43,-2.60,0.01,-0.02,-0.03,-1.88
-0.25,9.38,-2.52,0.01,-0.00,-0.04,-1.88
-0.38,9.41,-2.57,0.01,-0.01,-0.04,-1.88
-0.34,9.35,-2.57,0.01,-0.03,-0.04,-1.88
-0.38,9.40,-2.60,0.01,-0.03,-0.03,-2.19
-0.36,9.41,-2.52,0.02,-0.02,-0.03,-2.19
-0.31,9.45,-2.61,0.01,-0.02,-0.03,-2.18
-0.31,9.39,-2.68,0.01,-0.02,-0.04,-2.18
-0.28,9.37,-2.56,0.01,-0.02,-0.04,-2.18
-0.35,9.47,-2.64,0.02,-0.02,-0.05,-2.22
-0.41,9.50,-2.62,0.01,-0.02,-0.04,-2.22
-0.40,9.33,-2.66,0.01,-0.03,-0.04,-2.03
-0.41,9.44,-2.51,0.01,-0.02,-0.03,-2.03
-0.32,9.38,-2.61,0.01,-0.02,-0.04,-2.03
-0.26,9.40,-2.55,0.01,-0.01,-0.04,-1.99
-0.44,9.50,-2.64,0.01,-0.01,-0.04,-1.99
-0.45,9.32,-2.57,0.01,-0.03,-0.03,-2.17
-0.31,9.43,-2.54,0.01,-0.03,-0.02,-2.17
-0.25,9.45,-2.48,0.01,-0.01,-0.03,-2.17
-0.38,9.40,-2.61,0.02,-0.01,-0.03,-2.13
-0.24,9.34,-2.71,0.01,-0.03,-0.04,-2.13
-0.39,9.41,-2.59,0.01,-0.01,-0.05,-2.47
-0.48,9.43,-2.55,0.01,-0.01,-0.04,-2.47
-0.34,9.45,-2.56,0.01,-0.03,-0.03,-2.47
-0.31,9.41,-2.64,0.01,-0.02,-0.04,-2.47
-0.32,9.45,-2.56,0.01,-0.01,-0.04,-2.47
-0.45,9.43,-2.58,0.01,-0.01,-0.04,-2.18
-0.41,9.35,-2.59,0.01,-0.02,-0.04,-2.18
-0.30,9.41,-2.53,0.01,-0.02,-0.04,-2.18
-0.40,9.38,-2.59,0.01,-0.02,-0.04,-2.18
-0.40,9.45,-2.65,0.01,-0.03,-0.04,-2.18
-0.39,9.43,-2.50,0.01,-0.03,-0.04,-1.83
-0.44,9.38,-2.56,0.01,-0.02,-0.04,-1.83
-0.40,9.45,-2.66,0.02,-0.02,-0.04,-1.83
-0.42,9.41,-2.55,0.01,-0.03,-0.03,-1.83
-0.37,9.40,-2.58,0.01,-0.03,-0.03,-1.83
-0.34,9.51,-2.53,0.01,-0.04,-0.02,-2.08
-0.30,9.44,-2.48,0.02,-0.04,-0.03,-2.08
-0.43,9.32,-2.55,0.02,-0.03,-0.03,-2.08
-0.41,9.39,-2.60,0.02,-0.03,-0.03,-1.73
-0.50,9.50,-2.58,0.02,-0.02,-0.02,-1.73
-0.40,9.49,-2.60,0.02,-0.03,-0.01,-2.07
-0.28,9.40,-2.65,0.01,-0.03,-0.02,-2.07
-0.37,9.38,-2.62,0.02,-0.02,-0.02,-2.07
-0.36,9.42,-2.52,0.02,-0.02,-0.02,-2.07
-0.29,9.37,-2.56,0.02,-0.01,-0.03,-2.07
-0.40,9.43,-2.60,0.01,-0.02,-0.03,-2.02
-0.32,9.41,-2.55,0.02,-0.02,-0.03,-2.02
-0.39,9.43,-2.55,0.02,-0.01,-0.03,-2.02
-0.32,9.43,-2.60,0.01,-0.01,-0.03,-2.07
-0.40,9.44,-2.62,0.01,-0.01,-0.03,-2.07
-0.39,9.39,-2.60,0.01,-0.02,-0.03,-2.04
-0.19,9.39,-2.63,0.01,-0.02,-0.03,-2.04
-0.34,9.42,-2.53,0.01,-0.01,-0.04,-2.04
-0.50,9.38,-2.55,0.01,-0.01,-0.04,-2.04
-0.32,9.48,-2.54,0.01,-0.01,-0.04,-2.04
-0.25,9.41,-2.55,0.01,-0.01,-0.04,-2.16
-0.34,9.39,-2.49,0.01,-0.01,-0.05,-2.16
-0.45,9.39,-2.65,0.01,-0.01,-0.05,-2.16
-0.45,9.46,-2.61,0.01,-0.01,-0.04,-1.86
-0.36,9.44,-2.58,0.01,-0.02,-0.04,-1.86
-0.27,9.40,-2.56,0.01,-0.01,-0.04,-1.94
-0.39,9.42,-2.63,0.01,-0.00,-0.04,-1.94
-0.43,9.39,-2.51,0.01,-0.02,-0.04,-1.94
-0.41,9.37,-2.47,0.01,-0.01,-0.03,-2.09
-0.37,9.35,-2.63,0.01,-0.01,-0.03,-2.09
-0.39,9.41,-2.54,0.01,-0.02,-0.03,-2.09
-0.31,9.43,-2.63,0.01,-0.02,-0.03,-2.09
-0.38,9.40,-2.58,0.01,-0.01,-0.04,-2.09
-0.51,9.47,-2.57,0.01,-0.02,-0.04,-1.99
-0.45,9.41,-2.58,0.01,-0.03,-0.03,-1.99
-0.25,9.35,-2.55,0.01,-0.03,-0.03,-2.01
-0.27,9.42,-2.49,0.01,-0.02,-0.04,-2.01
-0.48,9.40,-2.60,0.01,-0.02,-0.04,-2.01
-0.52,9.39,-2.60,0.02,-0.03,-0.03,-2.13
-0.41,9.39,-2.63,0.01,-0.03,-0.02,-2.13
-0.28,9.32,-2.44,0.01,-0.03,-0.02,-2.13
-0.30,9.41,-2.57,0.02,-0.01,-0.03,-2.13
-0.44,9.45,-2.58,0.02,-0.01,-0.03,-2.13
-0.41,9.40,-2.56,0.02,-0.02,-0.03,-2.05
-0.42,9.44,-2.59,0.02,-0.02,-0.02,-2.05
-0.45,9.38,-2.53,0.02,-0.02,-0.03,-2.20
-0.33,9.39,-2.60,0.02,-0.02,-0.03,-2.20
-0.32,9.44,-2.53,0.02,-0.01,-0.03,-2.20
-0.44,9.45,-2.62,0.02,-0.00,-0.03,-1.88
-0.40,9.43,-2.60,0.01,-0.01,-0.03,-1.88
-0.34,9.43,-2.59,0.02,-0.01,-0.03,-1.88
-0.37,9.47,-2.53,0.01,-0.01,-0.03,-1.88
-0.40,9.38,-2.58,0.01,-0.02,-0.03,-1.88
-0.37,9.42,-2.61,0.02,-0.01,-0.03,-2.17
-0.24,9.37,-2.58,0.02,-0.01,-0.03,-2.17
-0.41,9.34,-2.56,0.01,-0.02,-0.03,-2.27
-0.36,9.38,-2.60,0.01,-0.01,-0.03,-2.27
-0.43,9.39,-2.48,0.02,-0.02,-0.03,-2.27
-0.33,9.40,-2.72,0.01,-0.01,-0.03,-1.96
-0.30,9.40,-2.58,0.02,-0.02,-0.03,-1.96
-0.36,9.40,-2.66,0.02,-0.02,-0.02,-1.96
-0.40,9.35,-2.54,0.01,-0.01,-0.03,-1.96
-0.34,9.40,-2.55,0.02,-0.01,-0.03,-1.96
-0.42,9.44,-2.68,0.01,-0.01,-0.03,-1.95
-0.36,9.47,-2.64,0.02,-0.03,-0.03,-1.95
-0.27,9.44,-2.61,0.01,-0.02,-0.03,-1.81
-0.41,9.41,-2.62,0.01,-0.02,-0.03,-1.81
-0.44,9.45,-2.54,0.01,-0.01,-0.03,-1.81
-0.34,9.35,-2.61,0.01,-0.03,-0.02,-2.20
-0.13,9.40,-2.62,0.01,-0.02,-0.03,-2.20
-0.39,9.40,-2.59,0.01,-0.01,-0.04,-2.02
-0.44,9.43,-2.59,0.01,-0.02,-0.04,-2.02
-0.39,9.41,-2.55,0.01,-0.03,-0.03,-2.02
-0.35,9.42,-2.59,0.01,-0.02,-0.03,-2.02
-0.39,9.45,-2.48,0.01,-0.01,-0.03,-2.02
-0.37,9.40,-2.58,0.02,-0.01,-0.03,-2.07
-0.31,9.37,-2.74,0.01,-0.02,-0.03,-2.07
-0.41,9.42,-2.60,0.01,-0.02,-0.03,-2.07
-0.34,9.45,-2.53,0.02,-0.01,-0.03,-2.02
-0.43,9.47,-2.58,0.02,-0.02,-0.03,-2.02
-0.34,9.43,-2.66,0.01,-0.02,-0.03,-2.20
-0.31,9.40,-2.55,0.01,-0.02,-0.03,-2.20
-0.30,9.44,-2.50,0.01,-0.01,-0.03,-2.20
-0.29,9.39,-2.64,0.01,-0.02,-0.03,-2.20
-0.32,9.34,-2.59,0.01,-0.02,-0.04,-2.20
-0.39,9.44,-2.59,0.01,-0.02,-0.04,-1.96
-0.28,9.43,-2.51,0.01,-0.02,-0.04,-1.96
-0.40,9.46,-2.61,0.01,-0.02,-0.04,-1.96
-0.34,9.37,-2.57,0.01,-0.02,-0.04,-1.90
-0.33,9.42,-2.52,0.01,-0.02,-0.04,-1.90
-0.40,9.39,-2.44,0.01,-0.02,-0.04,-1.91
-0.45,9.41,-2.64,0.01,-0.02,-0.04,-1.91
-0.38,9.45,-2.56,0.01,-0.02,-0.03,-1.91
-0.38,9.39,-2.56,0.01,-0.02,-0.03,-1.91
-0.34,9.41,-2.55,0.01,-0.02,-0.04,-1.91
-0.34,9.43,-2.53,0.01,-0.02,-0.04,-2.01
-0.40,9.44,-2.59,0.01,-0.02,-0.04,-2.01
-0.37,9.39,-2.51,0.01,-0.02,-0.04,-2.01
-0.28,9.42,-2.59,0.01,-0.02,-0.04,-1.88
-0.44,9.38,-2.53,0.01,-0.01,-0.04,-1.88
-0.37,9.48,-2.54,0.01,-0.01,-0.04,-1.88
-0.45,9.43,-2.53,0.01,-0.02,-0.04,-1.88
-0.28,9.42,-2.58,0.01,-0.02,-0.04,-1.88
-0.31,9.46,-2.60,0.01,-0.02,-0.04,-1.88
-0.43,9.40,-2.50,0.01,-0.02,-0.05,-1.88
-0.42,9.43,-2.60,0.01,-0.02,-0.04,-2.02
-0.36,9.38,-2.54,0.01,-0.03,-0.03,-2.02
-0.29,9.47,-2.53,0.01,-0.02,-0.05,-2.02
-0.41,9.45,-2.54,0.01,-0.02,-0.05,-2.03
-0.46,9.42,-2.58,0.01,-0.02,-0.05,-2.03
-0.36,9.33,-2.57,0.01,-0.03,-0.03,-1.89
-0.32,9.44,-2.49,0.01,-0.02,-0.04,-1.89
-0.42,9.44,-2.60,0.01,-0.01,-0.04,-1.89
-0.46,9.38,-2.58,0.01,-0.02,-0.04,-2.37
-0.36,9.42,-2.53,0.01,-0.03,-0.03,-2.37
-0.29,9.40,-2.55,0.02,-0.02,-0.03,-2.29
-0.39,9.45,-2.60,0.02,-0.02,-0.04,-2.29
-0.42,9.44,-2.56,0.02,-0.02,-0.04,-2.29
-0.46,9.42,-2.49,0.02,-0.02,-0.03,-2.06
-0.31,9.47,-2.53,0.02,-0.01,-0.04,-2.06
-0.46,9.40,-2.59,0.02,-0.01,-0.03,-2.12
-0.49,9.40,-2.57,0.02,-0.02,-0.03,-2.12
-0.44,9.36,-2.50,0.02,-0.03,-0.03,-2.12
-0.42,9.47,-2.53,0.02,-0.01,-0.04,-2.01
-0.44,9.33,-2.61,0.02,-0.02,-0.03,-2.01
-0.46,9.42,-2.53,0.02,-0.02,-0.03,-2.01
-0.44,9.45,-2.62,0.02,-0.02,-0.03,-2.01
-0.31,9.40,-2.59,0.02,-0.02,-0.03,-2.01
-0.38,9.40,-2.60,0.02,-0.01,-0.04,-1.90
-0.44,9.41,-2.63,0.02,-0.02,-0.03,-1.90
-0.44,9.41,-2.45,0.03,-0.01,-0.03,-2.00
-0.42,9.40,-2.61,0.03,-0.00,-0.02,-2.00
-0.36,9.42,-2.52,0.02,-0.00,-0.03,-2.00
-0.29,9.39,-2.55,0.02,-0.01,-0.03,-2.05
-0.47,9.38,-2.58,0.02,-0.01,-0.03,-2.05
-0.42,9.42,-2.52,0.02,-0.01,-0.03,-2.05
-0.45,9.45,-2.54,0.03,-0.01,-0.03,-2.05
-0.36,9.34,-2.62,0.03,-0.00,-0.03,-2.05
-0.50,9.38,-2.56,0.02,-0.00,-0.03,-2.15
-0.42,9.48,-2.54,0.02,-0.01,-0.03,-2.15
-0.40,9.39,-2.63,0.02,-0.02,-0.02,-2.18
-0.36,9.42,-2.55,0.02,-0.01,-0.03,-2.18
-0.32,9.45,-2.63,0.02,-0.00,-0.03,-2.18
-0.48,9.35,-2.59,0.02,-0.00,-0.03,-2.14
-0.45,9.42,-2.66,0.02,-0.02,-0.02,-2.14
-0.39,9.41,-2.63,0.02,-0.01,-0.03,-2.14
-0.41,9.38,-2.76,0.03,-0.01,-0.03,-2.14
-0.47,9.38,-2.63,0.02,-0.01,-0.03,-2.14
-0.36,9.42,-2.55,0.02,-0.01,-0.03,-2.01
-0.48,9.39,-2.66,0.02,-0.01,-0.03,-2.01
-0.40,9.39,-2.74,0.02,-0.02,-0.03,-2.30
-0.30,9.39,-2.61,0.01,-0.02,-0.03,-2.30
-0.39,9.43,-2.58,0.02,-0.01,-0.03,-2.30
-0.41,9.43,-2.63,0.02,-0.01,-0.03,-2.31
-0.44,9.39,-2.66,0.02,-0.01,-0.03,-2.31
-0.34,9.36,-2.65,0.02,-0.02,-0.03,-2.31
-0.41,9.42,-2.66,0.02,-0.01,-0.03,-2.31
-0.38,9.37,-2.64,0.02,-0.01,-0.03,-2.31
-0.44,9.46,-2.60,0.02,-0.01,-0.03,-2.07
-0.37,9.33,-2.66,0.01,-0.02,-0.02,-2.07
-0.44,9.42,-2.53,0.02,-0.02,-0.03,-1.88
-0.39,9.40,-2.72,0.02,-0.01,-0.03,-1.88
-0.42,9.35,-2.64,0.02,-0.02,-0.02,-1.88
-0.32,9.41,-2.68,0.02,-0.01,-0.03,-1.89
-0.43,9.46,-2.66,0.01,-0.01,-0.02,-1.89
-0.46,9.42,-2.66,0.02,-0.02,-0.02,-2.09
-0.31,9.32,-2.65,0.02,-0.01,-0.02,-2.09
-0.34,9.48,-2.57,0.02,-0.00,-0.03,-2.09
-0.42,9.43,-2.64,0.02,-0.00,-0.03,-2.09
-0.32,9.38,-2.74,0.01,-0.01,-0.03,-2.09
-0.31,9.42,-2.61,0.02,-0.01,-0.03,-2.21
-0.32,9.40,-2.60,0.02,0.01,-0.04,-2.21
-0.39,9.36,-2.58,0.01,-0.00,-0.04,-2.21
-0.38,9.37,-2.69,0.01,-0.02,-0.04,-2.08
-0.42,9.44,-2.61,0.01,-0.02,-0.04,-2.08
-0.44,9.39,-2.56,0.01,-0.02,-0.04,-1.95
-0.45,9.45,-2.65,0.01,-0.02,-0.03,-1.95
-0.32,9.42,-2.59,0.01,-0.03,-0.03,-1.95
-0.36,9.44,-2.58,0.01,-0.03,-0.03,-1.95
-0.43,9.44,-2.54,0.01,-0.01,-0.03,-1.95
-0.45,9.37,-2.58,0.02,-0.01,-0.02,-2.06
-0.34,9.42,-2.67,0.01,-0.02,-0.01,-2.06
-0.29,9.39,-2.56,0.01,-0.02,-0.02,-2.06
-0.38,9.44,-2.69,0.01,-0.01,-0.03,-2.05
-0.31,9.37,-2.70,0.01,-0.01,-0.03,-2.05
-0.47,9.42,-2.54,0.01,-0.01,-0.02,-2.10
-0.40,9.41,-2.56,0.01,-0.01,-0.01,-2.10
-0.29,9.35,-2.66,0.01,-0.02,-0.02,-2.10
-0.17,9.35,-2.65,0.01,-0.01,-0.03,-2.10
-0.55,9.45,-2.58,0.01,-0.00,-0.03,-2.10
-0.50,9.49,-2.55,0.01,-0.03,-0.02,-2.26
-0.34,9.42,-2.62,0.01,-0.03,-0.01,-2.26
-0.16,9.42,-2.60,0.01,-0.02,-0.02,-2.26
-0.43,9.39,-2.56,0.01,-0.01,-0.02,-2.24
-0.44,9.45,-2.51,0.02,-0.01,-0.01,-2.24
-0.36,9.38,-2.60,0.02,-0.01,-0.01,-2.19
-0.32,9.44,-2.61,0.02,-0.01,-0.02,-2.19
-0.33,9.39,-2.63,0.01,-0.02,-0.02,-2.19
-0.37,9.37,-2.59,0.01,-0.02,-0.02,-2.19
-0.26,9.37,-2.58,0.02,-0.03,-0.01,-2.19
-0.28,9.45,-2.47,0.02,-0.02,-0.02,-1.96
-0.45,9.39,-2.72,0.02,-0.03,-0.01,-1.96
-0.13,9.38,-2.72,0.01,-0.04,-0.02,-1.96
-0.34,9.45,-2.65,0.01,-0.02,-0.03,-2.23
-0.33,9.40,-2.57,0.01,-0.03,-0.02,-2.23
-0.19,9.43,-2.69,0.01,-0.03,-0.03,-1.97
-0.26,9.48,-2.67,0.02,-0.02,-0.05,-1.97
-0.35,9.36,-2.66,0.01,-0.01,-0.04,-1.97
-0.42,9.42,-2.66,0.01,-0.02,-0.04,-2.06
-0.33,9.42,-2.57,0.01,-0.04,-0.03,-2.06
-0.28,9.41,-2.59,0.01,-0.03,-0.04,-2.06
-0.24,9.41,-2.60,0.02,-0.01,-0.04,-2.06
-0.42,9.40,-2.57,0.02,-0.01,-0.04,-2.06
-0.50,9.40,-2.60,0.01,-0.02,-0.03,-2.27
-0.30,9.45,-2.56,0.01,-0.03,-0.03,-2.27
-0.44,9.37,-2.61,0.02,-0.02,-0.03,-2.20
-0.36,9.38,-2.54,0.02,-0.02,-0.02,-2.20
-0.37,9.35,-2.61,0.02,-0.01,-0.03,-2.20
-0.31,9.38,-2.60,0.02,-0.01,-0.02,-2.36
-0.28,9.45,-2.56,0.02,-0.00,-0.03,-2.36
-0.40,9.38,-2.59,0.02,-0.00,-0.03,-2.36
-0.36,9.43,-2.53,0.02,-0.00,-0.03,-2.36
-0.31,9.42,-2.57,0.02,-0.01,-0.03,-2.36
-0.28,9.36,-2.59,0.02,-0.01,-0.03,-2.06
-0.30,9.48,-2.58,0.02,-0.00,-0.04,-2.06
-0.41,9.44,-2.71,0.02,-0.01,-0.03,-2.12
-0.32,9.37,-2.77,0.02,-0.02,-0.03,-2.12
-0.30,9.45,-2.58,0.01,-0.02,-0.03,-2.12
-0.40,9.44,-2.62,0.02,-0.01,-0.03,-2.30
-0.32,9.40,-2.77,0.02,-0.03,-0.03,-2.30
-0.31,9.40,-2.72,0.01,-0.03,-0.03,-2.30
-0.26,9.35,-2.65,0.01,-0.02,-0.03,-2.30
-0.38,9.47,-2.54,0.02,-0.01,-0.04,-2.30
-0.36,9.43,-2.63,0.02,-0.02,-0.03,-1.99
-0.30,9.35,-2.69,0.02,-0.03,-0.03,-1.99
-0.24,9.45,-2.55,0.02,-0.02,-0.04,-2.02
-0.30,9.48,-2.59,0.02,-0.02,-0.05,-2.02
-0.34,9.42,-2.71,0.01,-0.03,-0.04,-2.02
-0.32,9.35,-2.62,0.01,-0.02,-0.04,-2.14
-0.38,9.46,-2.57,0.01,-0.01,-0.04,-2.14
-0.43,9.40,-2.55,0.01,-0.02,-0.03,-2.14
-0.27,9.44,-2.68,0.01,-0.02,-0.04,-2.14
-0.34,9.40,-2.67,0.01,-0.02,-0.04,-2.14
-0.38,9.42,-2.60,0.01,-0.02,-0.04,-2.12
-0.47,9.44,-2.65,0.01,-0.02,-0.04,-2.12
-0.44,9.42,-2.63,0.01,-0.03,-0.03,-2.38
-0.30,9.36,-2.65,0.01,-0.02,-0.03,-2.38
-0.40,9.36,-2.64,0.01,-0.01,-0.04,-2.38
-0.25,9.39,-2.68,0.01,-0.02,-0.04,-2.11
-0.40,9.40,-2.63,0.01,-0.02,-0.05,-2.11
-0.37,9.43,-2.65,0.01,-0.01,-0.04,-2.11
-0.47,9.39,-2.69,0.01,-0.02,-0.04,-2.11
-0.25,9.46,-2.74,0.01,-0.02,-0.04,-2.11
-0.29,9.43,-2.61,0.01,-0.00,-0.05,-2.23
-0.40,9.43,-2.62,0.01,-0.00,-0.05,-2.23
-0.42,9.42,-2.65,0.01,-0.01,-0.04,-1.87
-0.34,9.40,-2.57,0.01,-0.02,-0.03,-1.87
-0.29,9.36,-2.58,0.00,-0.01,-0.04,-1.87
-0.33,9.39,-2.63,0.01,-0.01,-0.05,-1.87
-0.50,9.42,-2.66,0.01,-0.01,-0.04,-1.87
-0.32,9.41,-2.65,0.01,-0.03,-0.04,-1.87
-0.30,9.45,-2.62,0.01,-0.03,-0.04,-1.87
-0.47,9.38,-2.59,0.01,-0.02,-0.03,-1.87
-0.36,9.40,-2.54,0.01,-0.02,-0.03,-1.87
-0.43,9.44,-2.56,0.01,-0.02,-0.04,-1.87
-0.44,9.35,-2.59,0.01,-0.02,-0.04,-2.05
-0.34,9.44,-2.56,0.01,-0.03,-0.03,-2.05
-0.35,9.37,-2.67,0.01,-0.02,-0.04,-2.05
-0.34,9.40,-2.55,0.01,-0.02,-0.03,-1.94
-0.39,9.48,-2.59,0.01,-0.01,-0.04,-1.94
-0.40,9.42,-2.61,0.01,-0.02,-0.03,-1.97
-0.25,9.39,-2.71,0.01,-0.02,-0.03,-1.97
-0.41,9.37,-2.55,0.01,-0.01,-0.04,-1.97
-0.51,9.39,-2.60,0.01,-0.01,-0.03,-1.97
-0.44,9.44,-2.64,0.01,-0.02,-0.03,-1.97
-0.40,9.39,-2.61,0.01,-0.02,-0.02,-2.19
-0.34,9.41,-2.58,0.02,-0.02,-0.03,-2.19
-0.32,9.44,-2.60,0.02,-0.02,-0.03,-2.19
-0.36,9.39,-2.64,0.01,-0.01,-0.03,-1.97
-0.48,9.41,-2.65,0.01,-0.02,-0.03,-1.97
-0.30,9.40,-2.57,0.02,-0.02,-0.03,-2.17
-0.26,9.35,-2.63,0.02,-0.02,-0.03,-2.17
-0.32,9.44,-2.54,0.02,-0.00,-0.04,-2.17
-0.45,9.40,-2.69,0.02,-0.01,-0.03,-2.17
-0.41,9.39,-2.60,0.02,-0.02,-0.02,-2.17
-0.37,9.37,-2.65,0.02,-0.01,-0.03,-2.29
-0.40,9.49,-2.66,0.02,-0.01,-0.03,-2.29
-0.46,9.41,-2.66,0.02,-0.01,-0.03,-2.29
-0.38,9.42,-2.55,0.02,-0.02,-0.02,-1.94
-0.34,9.36,-2.60,0.02,-0.02,-0.02,-1.94
-0.40,9.42,-2.62,0.02,-0.01,-0.03,-2.01
-0.41,9.37,-2.63,0.02,-0.01,-0.03,-2.01
-0.46,9.46,-2.64,0.02,-0.01,-0.02,-2.01
-0.37,9.38,-2.64,0.02,-0.02,-0.03,-2.01
-0.33,9.40,-2.60,0.02,-0.02,-0.03,-2.01
-0.41,9.37,-2.56,0.02,-0.01,-0.03,-2.20
-0.36,9.40,-2.56,0.02,-0.01,-0.03,-2.20
-0.40,9.36,-2.80,0.01,-0.02,-0.03,-2.20
-0.27,9.41,-2.62,0.02,-0.02,-0.04,-2.14
-0.37,9.41,-2.59,0.01,-0.01,-0.04,-2.14
-0.48,9.40,-2.71,0.02,-0.01,-0.03,-1.89
-0.32,9.40,-2.74,0.01,-0.02,-0.03,-1.89
-0.37,9.43,-2.61,0.01,-0.01,-0.03,-1.89
-0.34,9.42,-2.61,0.01,-0.02,-0.03,-2.09
-0.36,9.41,-2.55,0.01,-0.01,-0.03,-2.09
-0.45,9.34,-2.60,0.02,-0.02,-0.03,-2.09
-0.38,9.42,-2.67,0.02,-0.02,-0.02,-2.09
-0.29,9.40,-2.71,0.02,-0.01,-0.02,-2.09
-0.35,9.35,-2.77,0.01,-0.02,-0.02,-1.87
-0.32,9.36,-2.57,0.01,-0.01,-0.03,-1.87
-0.42,9.43,-2.61,0.02,-0.01,-0.03,-2.15
-0.41,9.41,-2.72,0.02,-0.02,-0.02,-2.15
-0.28,9.41,-2.66,0.01,-0.03,-0.03,-2.15
-0.36,9.42,-2.60,0.01,-0.01,-0.03,-2.01
-0.33,9.43,-2.62,0.01,-0.01,-0.04,-2.01
-0.37,9.39,-2.70,0.01,-0.01,-0.03,-2.01
-0.35,9.35,-2.62,0.01,-0.02,-0.03,-2.01
-0.34,9.44,-2.64,0.01,-0.02,-0.03,-2.01
-0.30,9.42,-2.60,0.02,-0.01,-0.04,-1.89
-0.44,9.29,-2.68,0.01,-0.02,-0.03,-1.89
-0.29,9.39,-2.60,0.01,-0.02,-0.03,-1.99
-0.36,9.45,-2.67,0.01,-0.01,-0.04,-1.99
-0.34,9.39,-2.58,0.01,-0.02,-0.03,-1.99
-0.29,9.35,-2.59,0.01,-0.03,-0.03,-2.23
-0.40,9.44,-2.66,0.01,-0.03,-0.03,-2.23
-0.31,9.34,-2.67,0.01,-0.02,-0.04,-2.23
-0.36,9.48,-2.67,0.01,-0.01,-0.04,-2.23
-0.35,9.31,-2.56,0.01,-0.01,-0.04,-2.23
-0.51,9.42,-2.59,0.01,-0.02,-0.04,-2.15
-0.37,9.40,-2.68,0.01,-0.02,-0.04,-2.15
-0.32,9.35,-2.65,0.01,-0.02,-0.04,-2.06
-0.31,9.36,-2.53,0.01,-0.02,-0.04,-2.06
-0.42,9.38,-2.57,0.01,-0.02,-0.04,-2.06
-0.44,9.42,-2.58,0.01,-0.02,-0.04,-2.24
-0.41,9.37,-2.58,0.01,-0.02,-0.03,-2.24
-0.39,9.42,-2.58,0.01,-0.02,-0.03,-2.24
-0.34,9.40,-2.55,0.01,-0.02,-0.03,-2.24
-0.39,9.42,-2.61,0.01,-0.02,-0.03,-2.24
-0.38,9.38,-2.59,0.01,-0.02,-0.03,-2.31
-0.43,9.39,-2.63,0.01,-0.03,-0.03,-2.31
-0.30,9.40,-2.62,0.01,-0.02,-0.03,-2.28
-0.33,9.37,-2.65,0.01,-0.01,-0.03,-2.28
-0.38,9.38,-2.58,0.01,-0.02,-0.04,-2.28
-0.39,9.42,-2.65,0.01,-0.03,-0.04,-2.06
-0.39,9.37,-2.63,0.01,-0.02,-0.03,-2.06
-0.41,9.44,-2.63,0.01,-0.02,-0.03,-2.18
-0.27,9.40,-2.66,0.01,-0.02,-0.04,-2.18
-0.37,9.36,-2.65,0.01,-0.02,-0.04,-2.18
-0.53,9.38,-2.56,0.01,-0.02,-0.04,-2.14
-0.40,9.51,-2.56,0.01,-0.02,-0.04,-2.14
-0.35,9.38,-2.62,0.00,-0.03,-0.03,-2.17
-0.27,9.36,-2.63,0.01,-0.03,-0.04,-2.17
-0.34,9.40,-2.60,0.01,-0.02,-0.04,-2.17
-0.41,9.49,-2.58,0.01,-0.02,-0.05,-2.02
-0.43,9.45,-2.57,0.01,-0.03,-0.04,-2.02
-0.33,9.38,-2.58,0.01,-0.03,-0.04,-2.25
-0.43,9.43,-2.63,0.01,-0.04,-0.04,-2.25
-0.35,9.41,-2.45,0.01,-0.02,-0.04,-2.25
-0.55,9.40,-2.53,0.01,-0.01,-0.04,-2.25
-0.47,9.38,-2.64,0.01,-0.04,-0.03,-2.25
-0.22,9.35,-2.67,0.01,-0.03,-0.04,-2.18
-0.37,9.44,-2.52,0.01,-0.02,-0.05,-2.18
-0.57,9.46,-2.53,0.01,-0.02,-0.04,-2.18
-0.45,9.39,-2.59,0.01,-0.03,-0.04,-2.20
-0.41,9.46,-2.54,0.01,-0.04,-0.03,-2.20
-0.39,9.41,-2.48,0.01,-0.02,-0.04,-2.06
-0.44,9.46,-2.62,0.02,-0.01,-0.04,-2.06
-0.45,9.40,-2.63,0.01,-0.03,-0.04,-2.06
-0.40,9.38,-2.58,0.01,-0.03,-0.03,-2.06
-0.35,9.41,-2.52,0.01,-0.02,-0.04,-2.06
-0.47,9.42,-2.51,0.01,-0.01,-0.04,-2.03
-0.53,9.40,-2.62,0.01,-0.03,-0.04,-2.03
-0.33,9.38,-2.59,0.01,-0.04,-0.04,-2.03
-0.46,9.39,-2.53,0.01,-0.02,-0.04,-2.10
-0.43,9.39,-2.54,0.00,-0.02,-0.04,-2.10
-0.38,9.37,-2.66,0.01,-0.03,-0.04,-1.89
-0.40,9.40,-2.60,0.01,-0.01,-0.04,-1.89
-0.56,9.42,-2.60,0.01,-0.01,-0.04,-1.89
-0.45,9.40,-2.59,0.01,-0.03,-0.04,-1.89
-0.35,9.42,-2.63,0.01,-0.03,-0.04,-1.89
-0.46,9.41,-2.55,0.01,-0.01,-0.05,-1.96
-0.51,9.36,-2.55,0.01,-0.02,-0.04,-1.96
-0.38,9.41,-2.53,0.01,-0.02,-0.04,-1.96
-0.50,9.41,-2.57,0.01,-0.03,-0.04,-2.13
-0.53,9.37,-2.57,0.01,-0.03,-0.04,-2.13
-0.40,9.39,-2.66,0.02,-0.03,-0.04,-1.84
-0.40,9.39,-2.55,0.01,-0.03,-0.04,-1.84
-0.51,9.36,-2.49,0.01,-0.02,-0.04,-1.84
-0.51,9.46,-2.71,0.01,-0.02,-0.04,-1.84
-0.45,9.39,-2.60,0.02,-0.03,-0.04,-1.84
-0.40,9.42,-2.53,0.01,-0.02,-0.04,-2.13
-0.51,9.45,-2.53,0.02,-0.02,-0.04,-2.13
-0.50,9.36,-2.60,0.01,-0.02,-0.04,-2.13
-0.41,9.43,-2.56,0.02,-0.03,-0.04,-1.98
-0.54,9.40,-2.46,0.01,-0.03,-0.03,-1.98
-0.53,9.36,-2.58,0.02,-0.03,-0.04,-1.69
-0.52,9.41,-2.53,0.01,-0.02,-0.04,-1.69
-0.46,9.43,-2.60,0.02,-0.02,-0.04,-1.69
-0.59,9.43,-2.53,0.01,-0.02,-0.04,-1.98
-0.38,9.42,-2.60,0.01,-0.02,-0.03,-1.98
-0.46,9.41,-2.57,0.02,-0.01,-0.04,-1.98
-0.58,9.30,-2.54,0.02,-0.01,-0.04,-1.98
-0.51,9.39,-2.54,0.02,-0.02,-0.03,-1.98
-0.43,9.37,-2.58,0.02,-0.01,-0.03,-1.90
-0.45,9.44,-2.60,0.02,-0.01,-0.04,-1.90
-0.54,9.42,-2.62,0.02,-0.02,-0.03,-1.66
-0.45,9.41,-2.57,0.01,-0.02,-0.03,-1.66
-0.47,9.41,-2.68,0.01,-0.03,-0.03,-1.66
-0.50,9.38,-2.60,0.01,-0.02,-0.03,-1.88
-0.56,9.40,-2.59,0.02,-0.02,-0.04,-1.88
-0.46,9.44,-2.59,0.02,-0.02,-0.04,-1.88
-0.42,9.45,-2.61,0.01,-0.02,-0.04,-1.88
-0.56,9.37,-2.53,0.01,-0.02,-0.03,-1.88
-0.44,9.49,-2.59,0.01,-0.02,-0.04,-1.93
-0.51,9.48,-2.50,0.02,-0.01,-0.03,-1.93
-0.52,9.40,-2.61,0.01,-0.03,-0.03,-1.88
-0.43,9.39,-2.54,0.02,-0.02,-0.03,-1.88
-0.50,9.42,-2.50,0.02,-0.01,-0.03,-1.88
-0.61,9.49,-2.46,0.02,-0.00,-0.02,-1.84
-0.56,9.40,-2.63,0.01,-0.01,-0.02,-1.84
-0.43,9.31,-2.60,0.02,-0.02,-0.01,-1.84
-0.41,9.35,-2.60,0.02,-0.01,-0.03,-1.84
-0.57,9.34,-2.62,0.02,0.00,-0.03,-1.84
-0.57,9.45,-2.68,0.02,-0.00,-0.03,-2.01
-0.43,9.31,-2.60,0.02,-0.02,-0.02,-2.01
-0.38,9.43,-2.65,0.02,-0.01,-0.03,-1.85
-0.47,9.46,-2.54,0.02,0.00,-0.03,-1.85
-0.52,9.45,-2.56,0.02,-0.00,-0.03,-1.85
-0.51,9.33,-2.54,0.01,-0.01,-0.03,-1.97
-0.52,9.42,-2.71,0.01,-0.01,-0.03,-1.97
-0.50,9.46,-2.60,0.02,-0.00,-0.03,-1.97
-0.39,9.41,-2.65,0.02,-0.01,-0.03,-1.97
-0.45,9.35,-2.53,0.02,-0.01,-0.03,-1.97
-0.46,9.39,-2.62,0.02,-0.01,-0.03,-1.83
-0.48,9.44,-2.59,0.02,-0.01,-0.03,-1.83
-0.40,9.43,-2.64,0.01,-0.02,-0.03,-1.95
-0.48,9.43,-2.52,0.01,-0.01,-0.03,-1.95
-0.46,9.39,-2.56,0.01,-0.01,-0.03,-1.95
-0.48,9.41,-2.61,0.02,-0.00,-0.03,-1.69
-0.47,9.40,-2.58,0.02,-0.01,-0.03,-1.69
-0.44,9.36,-2.58,0.01,-0.02,-0.02,-2.05
-0.37,9.40,-2.55,0.02,-0.01,-0.03,-2.05
-0.49,9.38,-2.65,0.01,-0.00,-0.03,-2.05
-0.48,9.50,-2.68,0.01,-0.01,-0.03,-1.93
-0.45,9.38,-2.56,0.01,-0.02,-0.03,-1.93
-0.46,9.44,-2.56,0.01,-0.02,-0.03,-2.08
-0.43,9.36,-2.58,0.01,-0.01,-0.03,-2.08
-0.50,9.41,-2.58,0.01,-0.01,-0.03,-2.08
-0.49,9.46,-2.59,0.01,-0.01,-0.03,-1.90
-0.56,9.45,-2.70,0.01,-0.02,-0.03,-1.90
-0.38,9.39,-2.63,0.01,-0.03,-0.03,-2.01
-0.40,9.43,-2.43,0.01,-0.02,-0.03,-2.01
-0.53,9.39,-2.61,0.01,-0.01,-0.04,-2.01
-0.47,9.44,-2.60,0.01,-0.02,-0.03,-2.01
-0.44,9.41,-2.63,0.01,-0.03,-0.03,-2.01
-0.43,9.35,-2.52,0.01,-0.02,-0.03,-2.05
-0.47,9.44,-2.57,0.02,-0.02,-0.04,-2.05
-0.47,9.44,-2.70,0.02,-0.02,-0.03,-2.05
-0.42,9.42,-2.67,0.01,-0.02,-0.03,-1.68
-0.43,9.35,-2.66,0.01,-0.02,-0.03,-1.68
-0.40,9.35,-2.60,0.02,-0.01,-0.04,-1.97
-0.47,9.42,-2.58,0.02,-0.02,-0.03,-1.97
-0.51,9.41,-2.51,0.01,-0.02,-0.03,-1.97
-0.34,9.42,-2.69,0.02,-0.03,-0.03,-1.97
-0.41,9.39,-2.59,0.01,-0.01,-0.03,-1.97
-0.52,9.43,-2.62,0.01,-0.00,-0.04,-1.97
-0.53,9.37,-2.69,0.02,-0.02,-0.03,-1.97
-0.39,9.42,-2.54,0.01,-0.03,-0.02,-1.97
-0.36,9.38,-2.52,0.02,-0.02,-0.03,-1.86
-0.45,9.43,-2.64,0.02,-0.01,-0.03,-1.86
-0.57,9.32,-2.63,0.01,-0.02,-0.02,-2.21
-0.51,9.33,-2.48,0.01,-0.03,-0.02,-2.21
-0.40,9.38,-2.58,0.01,-0.02,-0.02,-2.21
-0.39,9.43,-2.54,0.02,-0.01,-0.03,-2.21
-0.52,9.41,-2.61,0.02,-0.02,-0.03,-2.21
-0.52,9.39,-2.59,0.01,-0.03,-0.02,-2.27
-0.41,9.45,-2.69,0.01,-0.03,-0.02,-2.27
-0.46,9.46,-2.55,0.02,-0.01,-0.03,-2.27
-0.51,9.34,-2.53,0.01,-0.02,-0.03,-2.06
-0.42,9.35,-2.63,0.01,-0.02,-0.03,-2.06
-0.40,9.40,-2.48,0.01,-0.02,-0.03,-2.25
-0.45,9.41,-2.56,0.02,-0.01,-0.03,-2.25
-0.51,9.38,-2.67,0.01,-0.01,-0.03,-2.25
-0.45,9.34,-2.55,0.01,-0.02,-0.03,-2.25
-0.42,9.41,-2.53,0.01,-0.02,-0.03,-2.25
-0.50,9.40,-2.46,0.02,-0.01,-0.03,-2.02
-0.50,9.43,-2.61,0.01,-0.01,-0.02,-2.02
-0.38,9.40,-2.68,0.01,-0.02,-0.03,-2.02