-0.78,9.08,-3.87,-0.10,-0.11,-0.14,-4.25
-0.69,8.98,-3.77,-0.11,-0.12,-0.16,-4.25
-0.46,8.96,-3.94,-0.12,-0.14,-0.19,-4.25
-0.90,9.02,-3.82,-0.14,-0.13,-0.20,-4.20
-1.03,9.00,-3.67,-0.16,-0.15,-0.21,-4.20
-1.06,9.13,-3.68,-0.17,-0.19,-0.22,-3.88
-1.07,9.19,-3.79,-0.19,-0.25,-0.23,-3.88
-0.62,8.97,-3.80,-0.22,-0.30,-0.27,-3.88
-0.68,9.03,-3.81,-0.24,-0.38,-0.34,-3.77
-0.74,9.31,-3.59,-0.27,-0.48,-0.40,-3.77
0.37,8.99,-3.86,-0.31,-0.50,-0.56,-3.77
0.10,9.39,-4.11,-0.39,-0.50,-0.77,-3.77
-0.01,9.71,-3.66,-0.42,-0.69,-0.95,-3.77
0.09,9.82,-3.82,-0.47,-0.73,-1.17,-4.04
-1.10,10.69,-3.56,-0.51,-0.82,-1.34,-4.04
-1.67,12.35,-3.04,-0.49,-0.91,-1.43,-4.05
-0.32,15.10,-3.40,-0.42,-0.94,-1.55,-4.05
-1.10,15.77,-3.29,-0.34,-1.08,-1.74,-4.05
1.15,16.18,-3.84,-0.42,-1.28,-1.83,-4.11
0.79,14.47,-4.44,-0.53,-1.13,-1.89,-4.11
-2.78,12.45,-4.68,-0.56,-0.91,-1.65,-4.11
-4.65,11.12,-4.33,-0.63,-0.45,-1.48,-4.11
-4.98,10.05,-3.74,-0.70,-0.34,-1.39,-4.11
-4.18,8.96,-5.46,-0.39,-0.23,-1.67,-4.28
-7.86,9.36,-4.97,-0.36,0.06,-1.71,-4.28
-5.17,9.65,-2.47,-0.27,0.40,-1.11,-3.94
-5.39,7.57,-2.16,-0.25,0.44,-1.11,-3.94
-5.30,7.34,-2.55,-0.17,0.75,-0.81,-3.94
-4.85,5.76,-2.10,-0.09,1.14,-0.62,-4.13
-3.95,4.76,-2.27,0.07,1.17,-0.25,-4.13
-3.66,4.22,-1.88,0.15,0.95,0.09,-3.91
-3.07,3.53,-1.87,0.22,0.92,0.49,-3.91
-1.57,3.10,-1.69,0.27,1.08,0.86,-3.91
-1.39,2.72,-1.78,0.34,1.38,1.15,-4.02
-2.04,2.92,-2.24,0.38,1.53,1.48,-4.02
-2.40,3.67,-2.27,0.45,1.47,1.77,-3.96
-2.89,4.78,-2.32,0.46,1.40,2.01,-3.96
-3.32,5.66,-2.43,0.45,1.18,2.25,-3.96
-2.97,5.95,-2.14,0.41,1.00,2.37,-4.26
-3.24,6.15,-1.99,0.35,0.98,2.38,-4.26
-4.33,7.24,-2.32,0.27,0.93,2.31,-4.35
-5.21,8.04,-2.46,0.20,0.76,2.17,-4.35
-4.95,8.61,-2.63,0.12,0.60,1.94,-4.35
-4.22,8.59,-2.59,0.03,0.53,1.61,-4.35
-4.73,8.56,-2.78,-0.02,0.57,1.21,-4.35
-5.20,8.82,-2.92,-0.07,0.56,0.86,-4.45
-5.04,8.74,-3.18,-0.09,0.36,0.52,-4.45
-4.77,8.49,-3.00,-0.11,0.18,0.16,-4.45
-4.22,8.19,-3.26,-0.16,0.24,-0.16,-4.05
-3.54,6.92,-4.40,-0.05,0.45,-0.43,-4.05
-6.49,19.61,-9.70,0.04,0.64,-1.26,-4.07
-0.75,9.08,-0.18,-0.24,-0.70,-0.93,-4.07
4.36,9.03,-4.24,-0.03,-0.53,-0.81,-4.07
-1.72,6.92,-2.24,0.10,-0.05,-1.11,-4.07
-4.55,7.78,-3.01,0.14,-0.08,-0.98,-4.07
-3.64,8.99,-3.80,0.12,-0.33,-0.84,-4.41
-2.36,8.71,-2.63,0.13,-0.38,-0.78,-4.41
-2.02,8.95,-3.09,0.15,-0.25,-0.74,-4.41
-1.52,9.37,-3.50,0.20,-0.20,-0.77,-4.06
-3.27,8.63,-4.07,0.11,-0.28,-0.55,-4.06
-3.94,8.61,-4.28,0.05,-0.37,-0.36,-4.04
-3.04,8.31,-4.10,-0.06,-0.37,-0.23,-4.04
-2.28,9.16,-4.58,-0.13,-0.23,-0.18,-4.04
-1.92,8.75,-3.98,-0.18,-0.01,-0.23,-4.04
-2.54,8.22,-4.21,-0.18,0.18,-0.29,-4.04
-3.38,9.40,-2.92,-0.12,0.10,-0.21,-3.91
-3.28,8.68,-3.18,-0.04,0.11,-0.07,-3.91
-3.19,8.93,-3.07,0.00,0.06,0.02,-3.91
-2.77,8.90,-3.77,0.02,0.04,0.08,-4.15
-3.04,8.62,-4.01,0.02,0.04,0.13,-4.15
-2.94,8.92,-3.90,0.00,0.03,0.23,-4.14
-3.08,8.93,-3.49,0.02,-0.01,0.33,-4.14
-2.63,8.67,-3.72,0.05,-0.03,0.40,-4.14
-3.03,8.82,-3.71,0.05,-0.01,0.47,-4.14
-2.47,8.89,-3.71,0.04,-0.01,0.53,-4.14
-1.48,8.68,-3.90,0.03,-0.01,0.50,-4.14
-2.13,8.48,-3.66,0.02,0.02,0.47,-4.14
-1.90,9.11,-3.66,0.01,-0.08,0.45,-4.14
-0.54,8.90,-4.05,0.01,-0.16,0.37,-3.85
-1.07,8.45,-4.01,-0.01,-0.11,0.27,-3.85
-1.30,8.60,-3.79,-0.03,-0.10,0.22,-3.96
-1.03,9.14,-3.53,-0.00,-0.15,0.17,-3.96
-0.57,9.08,-3.73,0.02,-0.20,0.08,-3.96
-1.32,8.76,-3.81,-0.00,-0.13,0.01,-4.12
-1.81,9.11,-3.80,-0.01,-0.10,-0.01,-4.12
-1.47,8.83,-3.62,-0.00,-0.18,-0.01,-4.12
-1.69,8.99,-3.67,-0.01,-0.21,-0.03,-4.12
-1.31,9.49,-3.49,-0.01,-0.32,-0.05,-4.12
-0.49,9.27,-3.87,-0.01,-0.35,-0.13,-4.15
-1.39,8.66,-3.53,-0.02,-0.28,-0.21,-4.15
-1.74,8.95,-3.68,-0.00,-0.28,-0.20,-4.03
-1.43,8.93,-3.90,-0.03,-0.24,-0.23,-4.03
-1.29,8.64,-3.69,-0.06,-0.19,-0.26,-4.03
-1.20,8.50,-3.46,-0.07,-0.07,-0.30,-4.06
-2.82,8.97,-3.17,-0.06,-0.02,-0.33,-4.06
-3.21,9.80,-3.45,-0.03,-0.30,-0.22,-4.06
-0.97,9.03,-3.56,-0.04,-0.38,-0.26,-4.06
-1.19,9.25,-3.48,-0.06,-0.33,-0.39,-4.06
-1.84,9.06,-3.41,-0.08,-0.34,-0.46,-3.98
-3.13,9.18,-3.74,-0.11,-0.36,-0.46,-3.98
-2.72,9.23,-3.96,-0.14,-0.47,-0.38,-4.02
-1.78,8.87,-3.64,-0.19,-0.36,-0.37,-4.02
-2.94,8.82,-3.28,-0.20,-0.24,-0.39,-4.02
-4.65,9.29,-3.24,-0.19,-0.35,-0.27,-3.98
-3.25,9.11,-3.14,-0.18,-0.50,-0.11,-3.98
-2.08,9.44,-3.69,-0.20,-0.37,-0.05,-3.98
-2.15,9.60,-3.64,-0.28,-0.12,-0.04,-3.98
-3.63,11.10,-4.38,-0.29,-0.02,0.02,-3.98
-3.78,11.70,-3.66,-0.27,-0.40,0.18,-4.21
-1.58,12.08,-4.44,-0.40,-0.47,0.29,-4.21
-0.71,12.84,-4.44,-0.46,-0.45,0.28,-3.95
-0.09,13.17,-3.53,-0.44,-0.64,0.29,-3.95
1.29,13.05,-3.39,-0.45,-0.81,0.31,-3.95
1.23,11.84,-3.37,-0.47,-1.04,0.31,-4.10
1.61,10.69,-3.29,-0.45,-1.20,0.34,-4.10
-0.84,9.33,-2.38,-0.36,-1.04,0.01,-4.10
-2.90,12.08,-4.22,-0.28,-0.27,-0.76,-4.10
-4.42,8.34,-4.52,-0.09,0.18,-1.10,-4.10
-9.11,9.73,-3.10,0.19,0.15,-1.73,-4.23
-9.18,14.44,-2.48,-0.02,-1.06,-2.34,-4.23
-5.66,15.54,-5.15,-0.35,-1.24,-2.98,-4.24
-3.69,14.00,-2.93,-0.46,-1.37,-2.78,-4.24
-3.13,12.24,-2.13,-0.53,-0.94,-3.00,-4.24
-4.82,10.24,-2.58,-0.40,-0.48,-3.10,-4.21
-6.21,9.36,-2.16,-0.29,-0.20,-2.98,-4.21
-5.17,8.51,-2.12,-0.29,-0.05,-2.43,-4.21
-2.99,7.35,-0.75,-0.20,-0.04,-1.90,-4.21
-2.57,5.54,0.23,-0.01,0.07,-1.65,-4.21
-1.76,5.29,-0.16,0.09,0.42,-1.22,-4.07
-1.92,4.44,-0.34,0.18,0.91,-0.99,-4.07
-1.84,3.44,-1.25,0.32,1.50,-0.52,-4.48
-2.51,3.06,-1.37,0.41,1.46,-0.20,-4.48
-4.65,3.23,-1.68,0.46,1.07,0.18,-4.48
-3.68,3.73,-1.63,0.39,0.86,0.80,-4.46
-2.29,3.00,-1.84,0.28,0.97,1.20,-4.46
-2.13,2.77,-2.09,0.23,1.19,1.53,-4.18
-3.14,3.09,-2.08,0.23,1.31,1.75,-4.18
-3.93,4.06,-2.42,0.19,1.38,2.03,-4.18
-4.59,4.32,-2.55,0.17,1.27,2.25,-4.18
-5.05,4.52,-2.32,0.15,1.01,2.42,-4.18
-4.35,4.94,-2.31,0.17,1.02,2.50,-4.24
-5.36,5.66,-2.60,0.19,0.98,2.45,-4.24
-4.81,5.85,-2.18,0.17,0.87,2.33,-4.24
-4.52,6.39,-2.26,0.13,1.05,2.17,-4.46
-5.97,6.85,-3.05,0.09,1.03,2.02,-4.46
-6.51,7.29,-3.06,0.04,0.67,1.91,-4.20
-5.93,7.82,-2.81,-0.01,0.44,1.76,-4.20
-5.82,7.80,-2.47,-0.05,0.30,1.50,-4.20
-5.18,8.20,-2.90,-0.05,0.35,1.19,-4.20
-4.91,8.80,-3.15,-0.10,0.41,0.83,-4.20
-4.64,8.71,-3.01,-0.18,0.38,0.54,-4.28
-4.22,8.02,-2.74,-0.24,0.33,0.34,-4.28
-3.36,8.47,-2.62,-0.32,0.25,0.14,-4.28
-2.56,8.26,-2.43,-0.40,0.33,-0.02,-4.29
-2.48,13.11,-7.51,-0.19,0.78,-0.51,-4.29
-5.02,19.61,-7.24,0.02,0.31,-0.94,-4.24
-1.93,4.48,-0.01,-0.08,-0.84,-0.60,-4.24
0.14,8.71,-2.46,-0.01,-0.37,-0.52,-4.24
-1.60,8.46,-2.45,0.11,-0.24,-0.76,-4.24
-3.07,8.59,-3.27,0.17,-0.20,-0.72,-4.24
-2.44,9.30,-3.57,0.15,-0.36,-0.64,-4.33
-2.32,8.30,-3.07,0.18,-0.27,-0.64,-4.33
-2.17,8.39,-3.57,0.22,-0.26,-0.64,-4.33
-1.95,8.81,-4.05,0.24,-0.27,-0.65,-4.54
-2.09,8.95,-4.33,0.22,-0.19,-0.67,-4.54
-2.28,8.62,-4.43,0.18,-0.22,-0.67,-4.65
-2.76,8.26,-3.87,0.13,-0.22,-0.67,-4.65
-3.35,8.53,-3.87,0.10,-0.20,-0.55,-4.65
-3.28,8.17,-3.90,0.09,-0.19,-0.51,-4.65
-4.93,8.43,-2.63,0.10,-0.26,-0.42,-4.65
-3.66,8.34,-4.03,0.03,-0.14,-0.24,-4.41
-3.67,7.83,-3.99,0.00,-0.13,-0.16,-4.41
-4.41,8.52,-3.68,-0.07,-0.16,-0.02,-4.41
-3.43,8.55,-4.23,-0.10,-0.07,0.08,-4.59
-4.15,8.37,-3.84,-0.14,-0.00,0.18,-4.59
-3.00,8.49,-4.10,-0.16,0.17,0.23,-4.51
-3.64,8.16,-4.15,-0.11,0.22,0.21,-4.51
-3.50,8.75,-3.56,-0.10,0.24,0.33,-4.51
-2.89,8.57,-3.01,-0.02,0.20,0.36,-4.51
-3.53,8.49,-2.98,0.05,0.20,0.43,-4.51
-3.50,8.71,-3.67,0.10,0.25,0.55,-4.26
-2.50,8.60,-3.74,0.10,0.22,0.58,-4.26
-2.68,8.87,-4.24,0.07,0.22,0.59,-4.26
-2.59,8.85,-4.06,0.03,0.17,0.64,-4.52
-2.69,8.61,-4.09,0.01,0.16,0.69,-4.52
-3.03,8.96,-3.61,-0.01,0.14,0.79,-4.56
-2.06,8.77,-3.58,0.01,0.08,0.82,-4.56
-1.10,8.76,-3.55,0.06,0.05,0.74,-4.56
-1.05,8.81,-3.77,0.07,0.07,0.66,-4.67
-0.65,8.61,-4.08,0.06,0.04,0.60,-4.67
-0.15,8.88,-3.87,0.05,0.07,0.49,-4.67
0.18,8.63,-3.86,0.08,0.05,0.39,-4.67
0.03,8.61,-4.10,0.10,0.08,0.30,-4.67
-1.50,8.63,-3.83,0.10,0.15,0.26,-4.35
-1.26,9.25,-3.67,0.10,-0.01,0.28,-4.35
-0.32,8.81,-4.06,0.11,-0.02,0.24,-4.45
-0.51,8.77,-4.02,0.10,0.11,0.19,-4.45
-1.21,9.27,-3.71,0.07,0.10,0.14,-4.45
-1.17,8.91,-3.97,0.07,-0.04,0.15,-4.21
-1.00,8.98,-4.05,0.06,-0.14,0.17,-4.21
-0.36,9.03,-4.11,0.05,-0.24,0.18,-4.21
-0.51,8.83,-4.20,0.04,-0.22,0.14,-4.21
-0.38,8.80,-4.13,0.03,-0.24,0.13,-4.21
-0.38,8.73,-4.17,0.03,-0.20,0.10,-4.35
-0.90,9.12,-4.15,0.01,-0.14,0.08,-4.35
-0.55,9.03,-3.90,-0.01,-0.22,0.06,-4.29
0.43,8.85,-4.17,0.01,-0.33,0.01,-4.29
0.68,8.89,-4.67,-0.02,-0.23,-0.08,-4.29
-0.39,8.80,-4.26,-0.04,-0.15,-0.17,-4.65
-1.06,9.06,-3.96,-0.05,-0.24,-0.16,-4.65
-0.39,9.12,-3.97,-0.04,-0.32,-0.17,-4.65
0.01,9.04,-4.06,-0.05,-0.32,-0.22,-4.65
-0.23,9.33,-4.30,-0.04,-0.31,-0.29,-4.65
-1.17,8.96,-3.80,-0.07,-0.34,-0.32,-4.30
-0.45,8.51,-3.72,-0.06,-0.38,-0.34,-4.30
-1.95,9.28,-4.06,-0.07,-0.24,-0.38,-4.58
-2.28,9.22,-4.17,-0.09,-0.34,-0.28,-4.58
-1.32,8.69,-3.52,-0.08,-0.43,-0.22,-4.58
-0.00,8.85,-3.48,-0.07,-0.31,-0.30,-4.41
-1.29,9.22,-3.67,-0.09,-0.13,-0.43,-4.41
-1.98,8.89,-4.03,-0.12,-0.31,-0.39,-4.41
-0.82,9.10,-4.07,-0.12,-0.43,-0.41,-4.41
-0.34,8.93,-3.81,-0.14,-0.34,-0.49,-4.41
-2.61,9.00,-3.44,-0.15,-0.24,-0.51,-4.28
-3.29,9.30,-3.88,-0.18,-0.29,-0.38,-4.28
-2.84,9.09,-3.49,-0.19,-0.34,-0.25,-4.48
-1.49,9.22,-3.27,-0.19,-0.34,-0.22,-4.48
-1.69,9.99,-3.39,-0.21,-0.23,-0.27,-4.48
-1.43,10.48,-3.92,-0.26,-0.32,-0.31,-4.31
-0.20,10.74,-4.84,-0.34,-0.26,-0.37,-4.31
-2.55,11.24,-4.50,-0.34,-0.15,-0.40,-4.31
-2.59,11.15,-5.05,-0.39,-0.15,-0.25,-4.31
-2.39,11.73,-4.94,-0.44,-0.13,-0.10,-4.31
-0.56,13.27,-4.09,-0.40,-0.32,0.02,-4.43
1.51,13.02,-3.46,-0.40,-0.44,-0.03,-4.43
2.05,13.52,-3.95,-0.42,-0.71,-0.09,-4.49
2.39,12.23,-4.53,-0.40,-1.13,-0.09,-4.49
1.69,9.74,-4.10,-0.30,-1.43,-0.08,-4.49
-1.56,11.09,-2.98,-0.19,-1.15,-0.40,-4.77
-5.65,11.36,-2.51,-0.19,-0.19,-1.03,-4.77
-9.49,8.55,-3.24,0.17,0.07,-1.36,-4.67
-9.36,13.97,-2.34,-0.04,-0.32,-2.05,-4.67
-6.86,13.83,-4.27,-0.15,-0.85,-3.03,-4.67
-5.48,14.00,-4.27,-0.40,-0.81,-2.96,-4.67
-3.72,11.14,-3.93,-0.52,-0.85,-3.07,-4.67
-6.32,10.29,-2.79,-0.41,-0.71,-3.41,-4.74
-7.83,10.18,-3.26,-0.37,-0.60,-3.26,-4.74
-5.81,9.92,-2.47,-0.49,-0.53,-2.74,-4.74
-4.25,8.64,-1.49,-0.43,-0.38,-2.26,-4.75
-1.05,5.74,-0.32,-0.35,-0.15,-1.72,-4.75
0.26,4.10,0.58,-0.19,0.29,-1.55,-5.03
-1.75,3.73,-0.07,-0.02,0.87,-1.27,-5.03
-2.35,3.52,-0.59,0.09,1.27,-0.71,-5.03
-1.70,3.60,-1.09,0.14,1.28,-0.10,-5.03
-2.01,3.47,-1.44,0.19,1.06,0.38,-5.03
-2.59,3.67,-1.80,0.16,0.89,1.03,-4.84
-1.77,3.38,-1.57,0.09,0.80,1.56,-4.84
-1.48,3.21,-1.82,0.08,0.93,2.01,-4.84
-1.76,3.28,-1.74,0.11,1.11,2.35,-5.02
-3.17,3.97,-2.19,0.13,1.14,2.67,-5.02
-3.70,4.69,-2.68,0.15,1.09,2.93,-5.02
-4.37,5.09,-2.79,0.18,0.96,3.06,-5.02
-5.26,5.59,-2.72,0.23,0.77,3.12,-5.02
-5.86,6.67,-2.97,0.26,0.68,3.06,-5.02
-5.48,7.02,-2.97,0.27,0.59,2.88,-5.02
-4.08,7.51,-2.72,0.24,0.84,2.51,-5.58
-5.23,7.65,-3.14,0.23,1.22,2.17,-5.58
-5.68,7.99,-3.39,0.17,1.05,1.90,-5.58
-6.87,8.33,-3.44,0.12,0.72,1.63,-5.29
-6.46,7.86,-2.55,0.09,0.32,1.29,-5.29
-5.08,8.09,-2.59,0.02,0.17,0.95,-5.02
-4.81,7.63,-2.62,-0.09,0.34,0.56,-5.02
-4.04,6.72,-2.38,-0.15,0.51,0.26,-5.02
-4.25,5.91,-2.26,-0.16,0.47,-0.01,-5.02
-3.48,7.46,-3.30,-0.21,0.31,-0.08,-5.02
-0.50,19.61,-8.05,-0.31,0.57,-0.25,-4.99
-4.89,16.05,-3.94,0.22,-0.09,-1.44,-4.99
-3.97,0.75,-0.34,0.03,-0.80,-0.62,-4.99
3.62,10.00,-3.82,0.10,-0.22,-0.67,-5.00
-2.68,8.50,-1.64,0.21,-0.05,-1.01,-5.00
-4.57,9.47,-3.14,0.27,-0.22,-0.72,-5.19
-2.66,9.28,-3.31,0.26,-0.46,-0.62,-5.19
-0.80,7.99,-3.48,0.32,-0.30,-0.61,-5.19
-2.79,8.71,-4.00,0.34,-0.12,-0.63,-5.19
-2.55,9.00,-4.79,0.29,-0.10,-0.50,-5.19
-3.83,9.01,-4.51,0.18,-0.23,-0.30,-5.10
-3.48,8.50,-4.12,0.11,-0.28,-0.09,-5.10
-3.36,8.58,-4.31,0.04,-0.17,0.08,-5.10
-2.43,8.71,-4.51,-0.02,-0.07,0.21,-5.36
-3.00,9.05,-4.42,-0.11,0.00,0.27,-5.36
-1.65,8.63,-3.98,-0.15,0.07,0.31,-5.29
-1.09,8.75,-3.99,-0.08,0.10,0.23,-5.29
-2.06,8.81,-3.46,-0.05,0.12,0.19,-5.29
-2.18,8.89,-3.70,-0.01,0.16,0.21,-5.16
-2.34,8.78,-3.90,0.01,0.06,0.28,-5.16
-1.91,8.93,-4.23,0.03,-0.04,0.33,-5.16
-2.47,8.88,-3.12,-0.03,0.07,0.33,-5.16
-2.34,9.22,-4.06,-0.04,0.07,0.39,-5.16
-1.81,8.94,-3.83,-0.03,-0.01,0.42,-5.05
-1.76,8.77,-3.72,0.02,-0.03,0.44,-5.05
-1.83,9.37,-4.25,-0.02,-0.07,0.50,-5.22
-2.53,9.41,-3.37,-0.09,-0.13,0.51,-5.22
-1.07,8.91,-3.40,-0.06,-0.24,0.58,-5.22
0.40,8.35,-3.65,0.02,-0.30,0.51,-4.94
-0.28,9.01,-3.86,0.02,-0.12,0.39,-4.94
0.04,8.65,-4.01,0.01,-0.17,0.35,-4.94
0.38,8.39,-4.00,-0.00,-0.04,0.26,-4.94
-0.63,9.21,-3.45,-0.02,0.09,0.16,-4.94
-0.79,9.19,-2.85,0.01,-0.07,0.12,-5.18
-0.07,8.68,-3.87,0.06,-0.09,0.06,-5.18
-0.57,9.04,-4.02,0.04,0.02,-0.00,-4.96
-0.49,9.17,-3.71,0.03,-0.03,-0.03,-4.96
-0.13,8.84,-3.60,0.04,-0.07,-0.10,-4.96
-1.07,9.10,-3.94,0.04,-0.09,-0.13,-5.28
-0.99,9.22,-3.94,0.00,-0.12,-0.12,-5.28
-0.86,9.01,-3.66,-0.01,-0.13,-0.14,-5.28
-0.80,9.00,-3.81,-0.01,-0.10,-0.14,-5.28
-1.05,9.19,-3.65,-0.03,-0.08,-0.17,-5.28
-0.69,9.00,-3.48,-0.00,-0.18,-0.18,-5.06
-0.66,9.06,-3.77,-0.00,-0.32,-0.24,-5.06
-0.35,9.49,-4.05,-0.02,-0.40,-0.33,-5.00
1.12,8.67,-4.38,-0.06,-0.44,-0.45,-5.00
-0.49,8.37,-4.06,-0.10,-0.21,-0.64,-5.00
-2.86,9.31,-3.82,-0.10,-0.27,-0.57,-5.14
-1.90,9.29,-4.24,-0.13,-0.40,-0.47,-5.14
-2.07,9.15,-3.72,-0.16,-0.48,-0.42,-5.14
-0.87,9.08,-3.66,-0.17,-0.42,-0.43,-5.14
-2.21,9.42,-3.58,-0.20,-0.34,-0.48,-5.14
-2.24,9.45,-4.37,-0.24,-0.49,-0.41,-5.00
-2.02,8.71,-4.53,-0.34,-0.34,-0.35,-5.00
-3.49,9.28,-4.15,-0.33,-0.23,-0.21,-5.17
-2.28,10.12,-4.58,-0.36,-0.28,-0.10,-5.17
-0.36,10.74,-4.17,-0.34,-0.29,-0.14,-5.17
-1.04,12.74,-3.58,-0.34,-0.27,-0.26,-5.08
0.18,13.54,-3.79,-0.37,-0.25,-0.32,-5.08
-0.93,14.33,-3.41,-0.42,-0.30,-0.39,-5.08
-0.22,14.59,-2.64,-0.43,-0.64,-0.32,-5.08
1.67,15.11,-3.08,-0.43,-0.90,-0.23,-5.08
1.89,13.69,-2.69,-0.41,-1.26,-0.07,-5.09
2.44,9.68,-3.14,-0.31,-1.63,-0.03,-5.09
-1.84,9.85,-2.50,-0.27,-1.22,-0.42,-5.11
-6.65,10.28,-3.06,-0.17,-0.46,-1.13,-5.11
-9.64,9.00,-4.20,0.13,-0.53,-1.54,-5.11
-7.79,12.68,-3.15,-0.29,-0.62,-2.18,-5.42
-5.20,12.98,-4.24,-0.38,-0.62,-3.02,-5.42
-6.33,12.96,-2.32,-0.70,-0.72,-2.99,-5.30
-5.84,11.47,-1.71,-0.87,-0.70,-3.07,-5.30
-5.24,9.55,-2.96,-0.73,-0.34,-3.13,-5.30
-5.57,8.70,-2.86,-0.66,0.04,-3.15,-5.30
-5.95,7.64,-2.55,-0.61,0.21,-3.02,-5.30
-5.15,7.01,-2.66,-0.54,0.31,-2.44,-5.52
-3.79,5.28,-0.75,-0.50,0.14,-2.06,-5.52
-4.28,4.40,-1.01,-0.26,0.19,-1.83,-5.52
-3.21,3.85,-0.82,-0.10,0.41,-1.33,-5.23
-2.53,4.04,-0.60,0.05,0.56,-1.01,-5.23
-2.62,3.69,-0.57,0.18,0.80,-0.57,-5.46
-2.59,3.73,-1.05,0.23,0.97,-0.17,-5.46
-1.35,3.35,-1.36,0.24,1.15,0.25,-5.46
-2.56,3.28,-1.45,0.24,1.26,0.63,-5.46
-2.77,3.36,-1.35,0.23,1.09,1.16,-5.46
-2.38,3.45,-1.63,0.19,1.06,1.60,-5.36
-2.35,4.01,-1.48,0.21,1.24,1.99,-5.36
-2.92,4.46,-1.75,0.23,1.28,2.29,-5.36
-4.06,4.87,-2.17,0.20,1.23,2.57,-5.22
-4.80,5.72,-2.28,0.13,1.04,2.85,-5.22
-4.79,5.79,-2.72,0.09,0.86,3.00,-6.10
-5.15,5.83,-2.55,0.06,0.73,2.99,-6.10
-4.52,6.45,-2.12,0.04,0.73,2.88,-6.10
-4.98,6.97,-2.47,0.03,1.02,2.61,-6.10
-6.54,7.35,-3.02,0.01,0.86,2.39,-6.10
-6.64,6.99,-2.73,-0.00,0.49,2.11,-5.90
-5.74,7.05,-2.39,-0.04,0.55,1.79,-5.90
-6.25,7.31,-2.76,-0.05,0.70,1.38,-5.90
-6.37,7.07,-2.92,-0.06,0.64,0.97,-5.46
-5.45,6.45,-2.68,-0.07,0.44,0.62,-5.46
-4.98,5.39,-2.36,-0.08,0.28,0.30,-5.18
-9.63,14.96,-4.28,0.03,0.41,-0.66,-5.18
-10.64,13.72,-5.06,-0.23,-0.41,-1.24,-5.18
3.35,3.18,-4.19,0.15,-1.20,-0.60,-5.18
1.93,9.02,-2.17,0.03,-0.10,-0.96,-5.18
-2.34,9.15,-1.87,0.16,-0.12,-1.00,-5.71
-7.31,8.46,-2.97,0.14,-0.08,-0.83,-5.71
-2.84,8.61,-3.19,0.09,-0.48,-0.51,-5.71
-2.42,7.93,-2.49,0.20,-0.31,-0.51,-5.49
-2.63,9.64,-3.60,0.24,-0.02,-0.54,-5.49
-5.01,9.10,-4.39,0.19,-0.16,-0.26,-5.31
-4.92,8.77,-4.00,0.10,-0.38,0.02,-5.31
-3.40,8.55,-3.98,0.04,-0.28,0.19,-5.31
-3.16,8.77,-4.19,-0.02,-0.21,0.22,-5.31
-2.10,8.50,-4.18,-0.02,-0.02,0.19,-5.31
-3.25,8.66,-3.88,-0.03,0.11,0.19,-5.55
-3.33,8.78,-3.92,-0.04,0.09,0.25,-5.55
-2.84,8.47,-4.08,-0.04,0.05,0.31,-5.55
-2.89,8.76,-3.55,-0.04,0.10,0.34,-5.12
-2.50,8.54,-3.63,-0.03,0.10,0.35,-5.12
-3.15,8.83,-3.57,-0.01,0.20,0.39,-5.10
-3.03,8.92,-3.29,0.01,0.21,0.45,-5.10
-2.91,8.76,-3.14,0.04,0.13,0.53,-5.10
-2.72,8.84,-3.20,0.07,0.06,0.58,-5.36
-2.30,8.77,-3.88,0.08,0.01,0.60,-5.36
-2.36,8.96,-4.19,0.04,0.02,0.60,-5.36
-1.92,9.08,-3.92,0.01,-0.07,0.58,-5.36
-0.77,8.94,-3.81,0.02,-0.15,0.56,-5.36
-0.36,8.77,-3.99,-0.00,-0.02,0.47,-5.86
-1.30,8.59,-3.47,-0.01,0.07,0.41,-5.86
-0.91,8.72,-3.25,0.05,-0.14,0.37,-5.34
-1.03,9.02,-3.72,0.05,-0.15,0.31,-5.34
-0.09,8.75,-4.01,0.07,-0.21,0.24,-5.34
-0.04,9.02,-3.52,0.08,-0.27,0.11,-5.26
-1.34,9.19,-3.73,0.08,-0.30,0.03,-5.26
-0.82,8.92,-4.48,0.02,-0.33,-0.00,-5.26
0.03,9.13,-4.10,-0.03,-0.26,-0.08,-5.26
-0.57,8.62,-4.30,-0.04,-0.08,-0.20,-5.26
-1.67,8.64,-3.45,-0.03,0.02,-0.20,-5.18
-2.72,9.41,-2.83,-0.01,-0.03,-0.15,-5.18
-1.16,9.14,-3.57,0.01,-0.12,-0.08,-5.40
-0.52,8.74,-4.22,-0.01,-0.06,-0.17,-5.40
-1.00,9.10,-3.97,-0.04,-0.10,-0.22,-5.40
-1.07,8.71,-3.83,-0.08,-0.05,-0.26,-5.16
-1.63,8.71,-3.42,-0.07,0.00,-0.27,-5.16
-1.79,9.30,-3.54,-0.06,0.03,-0.28,-5.16
-2.31,9.00,-3.55,-0.06,-0.07,-0.25,-5.16
-1.16,8.70,-3.56,-0.07,-0.12,-0.25,-5.16
-1.24,9.08,-3.53,-0.08,-0.03,-0.30,-5.36
-1.58,9.03,-3.38,-0.09,-0.04,-0.34,-5.36
-1.89,9.01,-3.67,-0.10,-0.09,-0.36,-5.36
-1.91,9.04,-3.68,-0.10,-0.12,-0.37,-5.36
-2.48,9.04,-3.56,-0.11,-0.13,-0.33,-5.36
-2.79,8.81,-3.01,-0.09,-0.22,-0.29,-5.30
-2.35,8.82,-3.76,-0.09,-0.26,-0.24,-5.30
-2.82,9.34,-3.93,-0.11,-0.26,-0.18,-5.30
-2.71,9.64,-3.11,-0.12,-0.36,-0.13,-5.30
-1.66,9.56,-3.15,-0.13,-0.40,-0.16,-5.30
-1.40,9.53,-3.61,-0.16,-0.40,-0.21,-5.33
-1.47,10.08,-3.62,-0.21,-0.35,-0.30,-5.33
-1.18,9.96,-4.12,-0.30,-0.29,-0.32,-5.40
-2.10,9.58,-3.86,-0.31,-0.12,-0.38,-5.40
-3.15,10.07,-3.80,-0.33,-0.15,-0.29,-5.40
-2.50,10.24,-4.13,-0.35,-0.16,-0.19,-5.31
-2.75,11.21,-4.09,-0.37,-0.12,-0.10,-5.31
-2.27,11.54,-3.85,-0.39,-0.24,0.05,-5.31
-2.17,13.14,-3.12,-0.39,-0.38,0.21,-5.31
-0.79,12.96,-2.67,-0.35,-0.76,0.33,-5.31
0.41,12.13,-2.82,-0.35,-1.03,0.42,-5.12
1.09,11.30,-3.08,-0.34,-1.36,0.45,-5.12
1.47,10.25,-3.06,-0.38,-1.39,0.38,-5.23
-0.24,10.33,-2.40,-0.32,-0.99,-0.11,-5.23
-2.77,10.64,-3.04,-0.24,-0.18,-0.64,-5.23
-4.08,7.50,-3.01,0.03,0.13,-0.77,-5.67
-8.59,8.94,-3.63,0.09,0.09,-1.34,-5.67
-9.07,12.16,-1.61,0.02,-0.89,-1.77,-5.36
-8.12,13.55,-4.05,-0.14,-1.61,-2.45,-5.36
-5.51,13.98,-2.40,-0.41,-1.93,-2.27,-5.36
-2.24,11.66,-1.75,-0.58,-1.50,-2.43,-5.36
-3.30,10.22,-2.04,-0.49,-0.80,-2.82,-5.36
-5.39,9.56,-2.81,-0.40,-0.13,-2.92,-5.23
-5.36,9.18,-2.75,-0.39,0.16,-2.67,-5.23
-5.34,8.10,-1.47,-0.37,0.09,-2.30,-5.23
-4.66,8.09,-1.36,-0.31,-0.21,-1.78,-5.27
-2.22,6.77,-0.02,-0.28,-0.42,-1.37,-5.27
-2.48,5.40,0.20,-0.14,-0.25,-1.20,-5.56
-1.46,4.97,-0.08,-0.04,0.25,-0.78,-5.56
-1.89,4.46,-0.02,0.04,0.75,-0.54,-5.56
-3.17,4.50,-1.26,0.16,1.09,-0.22,-5.56
-2.87,4.40,-1.30,0.20,1.06,0.14,-5.56
-4.51,4.12,-0.93,0.27,0.79,0.44,-5.82
-3.93,4.36,-1.13,0.25,0.74,0.89,-5.82
-3.33,4.11,-1.37,0.27,0.76,1.25,-5.82
-3.40,3.83,-1.75,0.33,0.83,1.54,-5.80
-3.16,4.32,-1.92,0.38,0.91,1.80,-5.80
-4.13,5.33,-2.37,0.45,0.98,2.07,-5.82
-4.56,5.51,-2.27,0.49,0.85,2.27,-5.82
-3.68,5.74,-2.23,0.54,0.78,2.42,-5.82
-3.74,6.13,-2.16,0.61,0.82,2.46,-5.82
-3.56,6.64,-2.35,0.61,0.85,2.49,-5.82
-4.53,7.23,-2.55,0.59,0.92,2.50,-6.15
-5.21,7.92,-2.75,0.54,0.69,2.51,-6.15
-5.39,7.98,-2.64,0.45,0.32,2.46,-6.15
-4.21,8.09,-2.31,0.35,0.32,2.22,-6.18
-3.81,7.73,-1.90,0.29,0.66,1.88,-6.18
-4.42,7.39,-2.53,0.23,0.94,1.51,-6.16
-5.53,7.66,-2.67,0.12,0.78,1.32,-6.16
-5.03,7.85,-2.50,-0.01,0.53,1.09,-6.16
-4.28,7.83,-2.45,-0.13,0.44,0.85,-6.16
-3.55,7.04,-2.15,-0.22,0.45,0.62,-6.16
-2.60,8.60,-2.79,-0.39,0.53,0.44,-6.04
-5.86,19.61,-11.14,-0.14,1.40,-0.87,-6.04
-6.35,13.62,-2.01,-0.23,0.01,-0.99,-6.04
-2.34,2.72,-0.12,-0.15,-0.94,-0.51,-6.34
3.75,8.80,-4.25,-0.11,-0.13,-0.61,-6.34
-1.20,8.26,-2.70,0.03,0.06,-0.87,-6.22
-3.55,10.29,-3.32,0.01,-0.08,-0.72,-6.22
-1.80,9.27,-2.93,-0.03,-0.25,-0.73,-6.22
-0.53,8.22,-2.55,0.03,-0.08,-0.76,-6.22
-1.04,8.68,-3.35,0.11,-0.04,-0.83,-6.22
-1.74,9.22,-3.65,0.14,-0.13,-0.83,-5.89
-2.22,9.15,-3.48,0.13,-0.20,-0.81,-5.89
-2.38,8.70,-3.56,0.13,-0.27,-0.76,-5.89
-2.66,8.46,-4.51,0.15,-0.31,-0.77,-5.98
-3.05,8.52,-2.95,0.16,-0.21,-0.73,-5.98
-3.39,8.17,-3.49,0.12,-0.20,-0.62,-5.99
-3.57,8.43,-3.75,0.08,-0.16,-0.49,-5.99
-3.74,8.30,-3.87,0.04,-0.16,-0.33,-5.99
-4.59,8.69,-3.79,-0.04,-0.15,-0.15,-5.65
-3.52,8.82,-3.39,-0.10,-0.22,0.03,-5.65
-3.28,8.82,-3.60,-0.14,-0.05,0.12,-5.65
-2.48,8.98,-3.52,-0.13,0.06,0.13,-5.65
-2.71,8.83,-2.96,-0.06,0.15,0.11,-5.65
-3.51,8.71,-3.15,-0.01,0.15,0.17,-5.68
-4.00,8.93,-2.95,0.02,0.11,0.32,-5.68
-3.20,8.86,-3.28,0.03,0.05,0.46,-5.77
-2.72,8.98,-3.05,0.05,0.06,0.50,-5.77
-2.84,8.97,-3.48,0.08,0.03,0.56,-5.77
-3.16,8.84,-3.13,0.09,-0.04,0.67,-5.72
-2.87,8.93,-3.43,0.09,-0.07,0.76,-5.72
-2.27,9.12,-3.64,0.08,-0.09,0.77,-5.72
-1.96,9.05,-3.82,0.07,-0.08,0.73,-5.72
-1.01,8.94,-3.94,0.05,-0.09,0.73,-5.72
-0.82,8.87,-3.68,0.03,-0.00,0.66,-5.93
-0.55,8.56,-3.42,0.02,0.04,0.58,-5.93
-0.84,8.80,-3.25,0.03,0.06,0.48,-5.60
-0.75,8.79,-3.35,0.04,0.03,0.41,-5.60
-0.35,8.79,-3.49,0.06,-0.04,0.33,-5.60
0.27,8.80,-3.75,0.08,-0.04,0.24,-6.03
-0.02,8.79,-3.46,0.09,0.06,0.10,-6.03
-0.84,9.16,-3.40,0.09,0.08,0.02,-6.03
-0.82,9.17,-3.45,0.08,0.04,-0.03,-6.03
-0.52,8.99,-3.70,0.08,-0.03,-0.09,-6.03
-1.46,9.01,-3.68,0.06,-0.02,-0.12,-5.59
-1.23,9.39,-3.61,0.05,-0.13,-0.10,-5.59
-0.27,9.09,-3.88,0.04,-0.15,-0.15,-5.70
-1.19,8.86,-3.63,0.03,-0.07,-0.19,-5.70
-1.27,8.98,-3.52,0.02,-0.06,-0.18,-5.70
-1.17,9.16,-3.42,0.03,-0.06,-0.17,-5.79
-0.99,8.83,-3.94,0.01,-0.08,-0.18,-5.79
-1.16,8.86,-3.55,0.02,-0.06,-0.18,-5.79
-1.39,9.11,-3.78,0.02,-0.01,-0.18,-5.79
-1.53,9.23,-3.60,0.01,-0.06,-0.16,-5.79
-1.18,9.00,-3.82,0.00,-0.14,-0.17,-6.11
-0.86,9.12,-3.69,-0.01,-0.15,-0.19,-6.11
-0.62,9.14,-3.65,-0.04,-0.09,-0.30,-5.50
-1.61,9.05,-3.62,-0.06,-0.19,-0.35,-5.50
-1.47,8.97,-4.14,-0.09,-0.31,-0.34,-5.50
-2.04,9.04,-3.79,-0.13,-0.31,-0.31,-5.54
-1.67,8.83,-3.47,-0.12,-0.28,-0.27,-5.54
-1.27,9.12,-3.71,-0.12,-0.20,-0.29,-5.73
-1.47,9.36,-3.74,-0.13,-0.31,-0.34,-5.73
-0.80,9.51,-4.31,-0.19,-0.40,-0.41,-5.73
-1.75,10.18,-3.50,-0.22,-0.52,-0.46,-5.70
-1.18,10.88,-3.92,-0.30,-0.65,-0.54,-5.70
-0.68,10.98,-4.18,-0.48,-0.30,-0.60,-5.68
-2.14,11.71,-3.63,-0.43,-0.17,-0.62,-5.68
-1.95,12.69,-3.96,-0.43,-0.24,-0.57,-5.68
-0.99,12.47,-4.26,-0.47,-0.19,-0.52,-5.59
-0.52,13.60,-3.87,-0.45,-0.36,-0.55,-5.59
0.69,13.61,-3.96,-0.42,-0.57,-0.46,-5.49
0.52,13.52,-3.80,-0.36,-0.88,-0.35,-5.49
0.05,13.01,-2.60,-0.26,-1.51,-0.05,-5.49
-0.02,10.20,-2.03,-0.24,-1.84,0.21,-5.49
-3.21,8.78,-1.74,-0.34,-1.46,-0.20,-5.49
-3.12,10.74,-3.16,-0.39,-0.31,-0.52,-6.07
-2.78,8.17,-3.06,-0.08,0.23,-0.75,-6.07
-7.33,8.71,-5.13,-0.11,0.51,-1.79,-6.07
-10.35,10.47,-1.28,-0.21,0.36,-2.43,-6.02
-12.65,13.34,-4.43,-0.24,-0.48,-2.81,-6.02
-7.65,11.70,-2.08,-0.64,-1.45,-2.14,-6.12
-2.93,9.45,-1.71,-0.72,-1.32,-2.10,-6.12
-2.84,8.52,-2.35,-0.52,-0.67,-2.46,-6.12
-5.14,8.17,-2.35,-0.41,-0.08,-2.55,-6.12
-6.79,8.05,-1.70,-0.33,0.02,-2.33,-6.12
-7.24,7.29,-1.28,-0.25,-0.14,-1.96,-6.04
-5.43,6.90,-0.28,-0.18,-0.41,-1.52,-6.04
-2.82,6.22,0.79,-0.11,-0.52,-1.41,-6.04
-2.77,6.03,-0.33,0.08,0.01,-1.32,-5.97
-2.23,5.52,-0.33,0.13,0.57,-0.99,-5.97
-2.73,4.65,-0.49,0.24,0.85,-0.79,-6.10
-1.87,4.56,-1.34,0.30,0.98,-0.39,-6.10
-2.14,3.61,-0.95,0.35,0.92,-0.11,-6.10
-2.99,3.95,-1.25,0.39,0.90,0.43,-6.10
-1.72,3.88,-1.24,0.34,0.85,0.98,-6.10
-1.47,3.40,-1.51,0.34,1.06,1.48,-6.29
-0.95,3.88,-1.72,0.35,1.23,1.86,-6.29
-2.37,4.33,-1.87,0.39,1.32,2.19,-6.29
-3.92,5.12,-2.65,0.38,1.17,2.60,-6.43
-4.12,5.57,-2.80,0.35,0.92,2.91,-6.43
-4.34,6.03,-2.91,0.38,0.70,3.05,-6.65
-4.34,6.27,-2.67,0.41,0.69,3.06,-6.65
-3.41,6.58,-2.22,0.43,0.94,2.89,-6.65
-5.63,7.31,-2.84,0.43,1.20,2.65,-6.65
-7.66,8.18,-3.20,0.37,0.88,2.45,-6.65
-7.58,8.23,-2.73,0.32,0.42,2.16,-6.58
-6.22,7.74,-2.10,0.25,0.34,1.82,-6.58
-5.10,7.53,-2.31,0.12,0.54,1.36,-6.58
-4.79,7.29,-2.51,-0.05,0.79,0.94,-6.30
-4.46,6.77,-2.15,-0.19,0.90,0.56,-6.30
-5.14,5.81,-2.03,-0.33,0.87,0.28,-6.08
-7.80,5.33,-2.02,-0.15,0.75,-0.27,-6.08
-19.61,19.61,-10.82,0.14,0.18,-1.62,-6.08
-2.14,-5.43,4.14,0.16,-1.99,-0.53,-6.06
7.12,11.65,-4.01,-0.06,-0.27,-0.78,-6.06
-0.19,8.88,-2.49,0.29,-0.02,-1.19,-6.06
-6.06,7.49,-3.36,0.28,0.07,-1.16,-6.06
-3.57,9.34,-4.14,0.16,-0.43,-0.78,-6.06
-3.01,7.63,-2.62,0.20,-0.41,-0.70,-6.56
-2.73,7.94,-3.72,0.24,-0.19,-0.65,-6.56
-4.67,9.00,-4.54,0.19,-0.04,-0.52,-6.44
-5.15,9.38,-3.87,0.12,-0.35,-0.24,-6.44
-3.47,8.52,-3.80,0.12,-0.42,-0.08,-6.44
-3.81,8.15,-3.80,0.10,-0.21,0.02,-6.49
-3.66,8.71,-4.36,0.05,-0.07,0.16,-6.49
-3.17,8.46,-4.44,0.00,0.02,0.23,-6.49
-2.26,8.63,-4.26,0.02,0.03,0.24,-6.49
-3.29,8.58,-3.85,0.04,0.06,0.25,-6.49
-3.64,8.43,-3.81,0.04,0.06,0.36,-6.43
-3.04,8.78,-3.65,0.03,0.06,0.43,-6.43
-3.30,8.75,-3.76,0.02,0.14,0.47,-6.13
-3.39,8.65,-3.71,0.02,0.07,0.55,-6.13
-3.10,8.50,-3.51,0.05,-0.02,0.66,-6.13
-2.99,8.85,-3.53,0.07,-0.06,0.73,-6.22
-2.90,8.96,-3.93,0.08,-0.09,0.78,-6.22
-2.30,8.69,-4.24,0.05,-0.15,0.78,-6.22
-1.37,8.59,-4.26,0.04,-0.14,0.73,-6.22
-1.28,9.04,-4.11,0.01,-0.06,0.70,-6.22
-0.54,8.58,-4.18,-0.01,-0.05,0.63,-6.34
0.57,8.34,-4.35,-0.00,-0.01,0.51,-6.34
-0.68,8.57,-3.89,-0.01,0.07,0.33,-6.47
-0.79,8.49,-4.10,-0.00,0.02,0.29,-6.47
-0.17,8.48,-4.09,-0.02,0.02,0.21,-6.47
-0.43,9.16,-3.75,-0.04,0.08,0.08,-6.31
-0.68,9.17,-3.45,-0.03,-0.00,0.01,-6.31
-1.05,9.04,-3.74,-0.01,-0.04,-0.04,-6.31
-1.37,8.70,-3.94,-0.02,-0.06,-0.04,-6.31
-1.66,8.98,-3.71,-0.02,-0.05,-0.01,-6.31
-0.80,9.06,-3.82,0.00,-0.08,0.01,-6.51
-1.80,9.26,-3.74,-0.00,-0.05,-0.01,-6.51
-1.17,9.08,-4.04,-0.02,-0.18,0.01,-6.62
-0.20,8.73,-4.30,-0.03,-0.18,-0.04,-6.62
-0.76,8.90,-3.95,-0.03,-0.11,-0.11,-6.62
-1.28,9.02,-3.72,-0.03,-0.09,-0.13,-6.20
-1.06,8.88,-3.79,-0.03,-0.13,-0.14,-6.20
-0.79,8.77,-4.19,-0.03,-0.15,-0.17,-6.20
-0.46,9.21,-3.80,-0.04,-0.22,-0.24,-6.20
-0.16,9.11,-3.91,-0.06,-0.19,-0.37,-6.20
-0.76,9.03,-3.68,-0.06,-0.25,-0.48,-6.00
-1.47,8.91,-3.63,-0.07,-0.32,-0.52,-6.00
-1.49,9.11,-4.42,-0.09,-0.32,-0.52,-6.20
-2.26,9.22,-3.90,-0.11,-0.33,-0.50,-6.20
-2.19,9.76,-3.60,-0.11,-0.47,-0.47,-6.20
-1.42,9.44,-3.58,-0.14,-0.51,-0.51,-6.24
-1.85,9.51,-3.38,-0.17,-0.45,-0.54,-6.24
-2.30,8.81,-3.34,-0.20,-0.36,-0.54,-5.94
-3.37,9.69,-3.50,-0.24,-0.38,-0.50,-5.94
-2.86,9.50,-4.14,-0.30,-0.47,-0.38,-5.94
-2.00,9.36,-4.72,-0.35,-0.38,-0.36,-5.94
-2.73,9.79,-4.41,-0.38,-0.35,-0.31,-5.94
-2.53,10.12,-4.55,-0.41,-0.37,-0.24,-6.17
-2.61,10.25,-4.20,-0.45,-0.23,-0.15,-6.17
-1.53,11.58,-3.38,-0.46,-0.13,-0.10,-6.17
-1.66,12.72,-3.46,-0.53,-0.05,-0.09,-6.20
-1.56,13.60,-3.03,-0.48,-0.23,0.00,-6.20
-0.18,13.83,-3.34,-0.44,-0.67,0.14,-6.16
0.45,12.49,-2.94,-0.46,-1.07,0.30,-6.16
2.22,11.30,-2.57,-0.45,-1.35,0.36,-6.16
0.24,10.13,-1.80,-0.46,-1.27,0.24,-6.16
-3.52,9.69,-2.59,-0.33,-0.73,-0.41,-6.16
-5.70,10.01,-1.39,-0.19,0.03,-0.75,-6.44
-8.31,6.67,-3.13,0.03,0.15,-1.23,-6.44
-9.99,10.77,-3.18,-0.04,-0.28,-1.69,-6.44
-7.39,11.30,-3.99,-0.12,-0.93,-2.36,-6.48
-4.87,10.94,-2.72,-0.33,-0.97,-2.16,-6.48
-4.42,9.18,-2.87,-0.35,-1.07,-2.23,-6.15
-4.61,8.89,-2.42,-0.27,-1.01,-2.26,-6.15
-5.34,8.03,-1.99,-0.26,-0.93,-2.17,-6.15
-4.94,7.32,-1.31,-0.28,-1.12,-1.82,-6.15
-2.79,7.10,-1.26,-0.35,-1.19,-1.43,-6.15
0.30,6.50,-0.91,-0.38,-0.71,-1.15,-6.46
1.81,5.38,-0.42,-0.32,0.08,-0.97,-6.46
0.98,4.18,-0.22,-0.21,0.89,-0.78,-6.46
0.10,4.19,-0.27,-0.11,1.39,-0.42,-6.59
-1.05,4.61,-0.42,-0.07,1.53,0.02,-6.59
-2.43,4.70,-1.31,-0.11,1.32,0.64,-6.65
-1.70,4.70,-1.18,-0.15,1.01,1.15,-6.65
-1.41,5.58,-1.75,-0.09,0.89,1.55,-6.65
-1.72,5.77,-2.15,-0.08,0.87,1.96,-6.65
-2.18,6.21,-1.62,-0.00,0.74,2.26,-6.65
-2.82,6.82,-1.86,0.11,0.59,2.60,-6.77
-2.30,7.43,-1.80,0.19,0.55,2.81,-6.77
-2.79,8.44,-2.14,0.30,0.72,2.87,-6.77
-3.30,8.91,-2.73,0.35,0.89,2.99,-6.79
-3.03,8.90,-2.49,0.40,0.91,2.95,-6.79
-3.94,9.74,-3.42,0.50,1.05,2.89,-6.91
-4.10,9.60,-3.52,0.49,0.97,2.85,-6.91
-3.24,10.29,-3.24,0.46,0.88,2.71,-6.91
-2.81,10.19,-2.85,0.44,0.93,2.64,-6.91
-2.75,10.15,-2.77,0.48,1.05,2.55,-6.91
-2.66,10.30,-2.96,0.49,1.16,2.47,-6.90
-1.35,10.46,-2.81,0.50,1.26,2.38,-6.90
-1.08,10.94,-2.64,0.51,1.44,2.17,-6.90
-2.35,11.44,-2.38,0.30,1.46,1.89,-6.89
-2.49,10.40,-1.72,0.11,1.26,1.56,-6.89
-2.77,9.27,-2.29,0.19,1.05,1.02,-6.89
-2.49,9.31,-1.93,0.23,0.63,0.64,-6.89
-2.12,9.71,-1.53,0.25,0.16,0.25,-6.89
-0.84,10.32,-2.17,0.21,-0.23,-0.04,-6.56
1.52,10.43,-1.52,0.01,-0.54,-0.25,-6.56
-0.02,6.61,-2.02,0.34,-0.68,-0.86,-6.56
12.79,19.24,-1.97,-0.51,0.60,-0.28,-6.56
12.02,9.60,-1.32,0.45,-0.29,-0.31,-6.56
