-0.92,8.72,-4.21,-0.03,-0.04,-0.08,-4.96
-0.95,8.80,-4.22,-0.02,-0.10,-0.06,-4.96
-0.20,8.72,-4.67,-0.06,-0.05,-0.07,-4.91
-0.48,8.78,-4.24,-0.06,0.02,-0.10,-4.91
-0.84,8.86,-3.91,-0.04,0.02,-0.12,-4.83
-0.61,8.86,-3.90,-0.00,0.00,-0.13,-4.83
-0.92,8.91,-4.14,0.01,0.04,-0.13,-4.83
-1.56,8.94,-3.97,0.00,-0.03,-0.10,-4.87
-1.03,8.93,-3.90,0.01,-0.12,-0.06,-4.87
-0.68,8.84,-4.07,0.02,-0.07,-0.09,-4.87
-1.07,8.84,-4.10,0.03,-0.05,-0.09,-4.87
-1.08,8.74,-4.12,0.03,-0.06,-0.07,-4.87
-1.08,8.96,-4.44,0.02,-0.04,-0.06,-4.99
-0.68,8.80,-4.56,-0.03,0.04,-0.05,-4.99
-1.05,8.72,-4.16,-0.02,0.02,-0.03,-5.02
-0.56,8.75,-4.04,0.00,0.06,-0.05,-5.02
-0.88,8.84,-3.55,0.02,0.15,-0.08,-5.02
-1.62,9.12,-3.46,0.03,0.05,-0.04,-5.07
-1.07,8.88,-3.86,0.04,-0.03,-0.00,-5.07
-1.04,8.66,-3.77,0.08,-0.04,-0.00,-4.93
-1.11,9.04,-3.62,0.09,-0.07,-0.01,-4.93
-0.47,8.96,-4.19,0.10,-0.04,-0.04,-4.93
-0.73,8.89,-4.44,0.07,0.02,-0.09,-4.93
-1.03,8.71,-4.36,0.05,-0.05,-0.10,-4.93
-0.71,8.79,-4.70,0.01,-0.06,-0.09,-4.90
0.07,8.60,-4.64,-0.04,0.06,-0.11,-4.90
-0.01,8.81,-3.71,-0.02,0.22,-0.27,-4.90
-1.95,9.13,-4.23,-0.00,0.14,-0.29,-5.06
-1.21,8.74,-4.86,-0.02,-0.01,-0.17,-5.06
-1.23,8.97,-4.47,-0.07,0.03,-0.18,-4.97
-1.33,8.77,-4.45,-0.08,-0.07,-0.14,-4.97
-1.17,8.63,-4.77,-0.10,-0.15,-0.11,-4.97
-0.79,8.76,-4.80,-0.13,-0.19,-0.08,-4.97
-0.34,8.66,-4.31,-0.15,-0.19,-0.14,-4.97
-0.99,8.71,-4.74,-0.15,-0.20,-0.16,-4.99
-1.23,8.72,-4.72,-0.16,-0.25,-0.13,-4.99
-2.14,8.92,-3.93,-0.19,-0.29,-0.10,-4.99
-1.43,8.95,-3.68,-0.18,-0.35,-0.05,-5.12
-0.45,8.91,-3.74,-0.18,-0.26,-0.09,-5.12
-0.94,8.92,-4.05,-0.22,-0.25,-0.21,-5.20
-1.48,8.85,-3.88,-0.22,-0.38,-0.21,-5.20
-1.03,8.73,-3.68,-0.22,-0.42,-0.21,-5.20
-1.49,8.83,-3.08,-0.21,-0.36,-0.26,-5.20
-1.37,9.11,-3.68,-0.20,-0.36,-0.26,-5.20
-1.98,8.77,-3.85,-0.24,-0.42,-0.28,-4.96
-0.87,8.66,-3.49,-0.23,-0.53,-0.29,-4.96
-0.08,9.58,-3.49,-0.18,-0.52,-0.40,-4.96
-1.40,9.98,-4.15,-0.20,-0.52,-0.48,-4.60
-0.70,9.82,-4.05,-0.21,-0.74,-0.56,-4.60
-0.86,11.39,-4.85,-0.33,-0.48,-0.64,-4.75
-3.23,11.09,-3.90,-0.46,-0.27,-0.63,-4.75
-3.86,13.44,-3.27,-0.47,-0.49,-0.49,-4.75
-1.93,13.95,-3.93,-0.49,-0.56,-0.31,-4.75
-1.72,15.50,-3.63,-0.47,-0.64,-0.19,-4.75
1.29,16.08,-3.07,-0.50,-1.11,-0.11,-4.89
5.71,15.69,-4.70,-0.59,-1.37,-0.20,-4.89
6.55,14.66,-4.91,-0.66,-1.82,-0.44,-4.89
4.30,13.27,-3.23,-0.62,-1.90,-0.84,-4.95
-2.78,14.11,-3.99,-0.28,-0.37,-2.29,-4.95
-12.13,13.87,-4.29,0.06,0.14,-3.52,-5.07
-17.06,17.81,-9.25,-0.28,-0.02,-4.37,-5.07
-13.56,16.12,-7.27,-0.30,-0.61,-4.37,-5.07
-9.96,16.72,-3.48,-0.65,-1.48,-4.37,-5.07
-3.86,12.28,-4.91,-0.97,-1.67,-4.26,-5.07
-1.33,10.08,-3.59,-0.97,-0.68,-3.93,-5.20
-2.25,6.54,-2.03,-0.72,0.29,-3.72,-5.20
-0.60,5.39,-1.01,-0.54,0.78,-2.88,-5.20
1.88,3.22,-0.12,-0.46,1.00,-2.14,-5.30
2.38,1.33,-0.59,-0.27,1.50,-1.29,-5.30
3.80,0.05,-1.09,-0.11,2.03,-0.19,-5.19
1.01,-0.66,0.58,0.07,1.93,0.68,-5.19
3.04,-0.30,-0.70,0.05,1.74,2.03,-5.19
2.75,-0.34,-0.10,0.06,1.35,2.91,-5.27
2.30,0.58,-0.33,0.04,1.48,3.67,-5.27
1.20,0.38,-0.23,0.03,1.64,4.11,-5.27
-1.76,1.10,-0.67,0.01,1.67,4.37,-5.27
-4.50,2.29,-1.42,-0.01,1.54,4.37,-5.27
-7.25,3.63,-2.46,0.11,1.28,4.22,-5.28
-10.45,5.59,-3.22,0.11,1.01,3.71,-5.28
-11.02,5.49,-2.83,0.15,0.96,2.91,-5.59
-14.52,4.36,-4.72,0.24,0.92,2.08,-5.59
-17.53,5.16,-5.40,0.23,0.43,1.43,-5.59
-13.37,4.51,-2.98,0.10,-0.29,0.97,-5.41
-18.50,8.00,-13.48,0.54,0.13,-0.15,-5.41
-14.27,19.61,-13.39,-0.98,-1.82,-0.50,-5.41
12.79,-3.22,3.69,-0.16,-1.34,-0.39,-5.41
-8.70,3.98,-2.47,-0.44,1.00,-1.26,-5.41
-6.09,10.03,-2.93,-0.39,-0.12,-0.40,-5.42
-4.61,8.56,-3.73,-0.34,0.20,-0.43,-5.42
-6.68,9.33,-3.12,-0.28,-0.06,0.07,-5.31
-2.97,8.46,-2.27,-0.20,-0.04,0.24,-5.31
-3.53,8.74,-3.64,-0.21,0.27,0.23,-5.31
-4.24,9.18,-2.82,-0.22,0.31,0.37,-5.15
-4.37,8.90,-2.07,-0.12,0.19,0.55,-5.15
-3.98,8.99,-2.05,0.00,0.04,0.74,-5.15
-2.92,9.31,-2.30,0.10,-0.03,0.75,-5.15
-2.57,8.78,-2.86,0.17,-0.11,0.70,-5.15
-1.50,9.04,-3.93,0.14,-0.25,0.65,-5.23
-1.91,8.93,-3.94,0.10,-0.45,0.59,-5.23
-0.16,8.71,-3.87,0.06,-0.53,0.51,-5.27
0.21,8.96,-3.68,0.05,-0.44,0.29,-5.27
-0.17,9.23,-3.70,0.03,-0.50,0.07,-5.27
-0.68,8.74,-3.42,0.00,-0.49,-0.10,-5.38
-1.47,9.44,-3.72,-0.03,-0.55,-0.24,-5.38
0.10,8.61,-4.44,-0.09,-0.56,-0.37,-5.38
-1.24,9.54,-4.57,-0.17,-0.31,-0.50,-5.38
-3.17,9.90,-3.75,-0.14,-0.39,-0.45,-5.38
-2.23,10.01,-4.49,-0.22,-0.28,-0.36,-5.24
-3.00,11.88,-3.50,-0.29,-0.14,-0.25,-5.24
-3.11,12.89,-3.14,-0.31,-0.18,-0.14,-5.21
-0.78,13.62,-3.45,-0.34,-0.28,-0.06,-5.21
-0.48,14.63,-3.56,-0.29,-0.51,-0.09,-5.21
0.75,15.37,-3.59,-0.34,-0.85,0.00,-5.49
3.76,15.59,-3.53,-0.38,-1.46,0.07,-5.49
6.57,13.97,-2.82,-0.48,-1.98,0.02,-5.49
5.84,14.55,-2.73,-0.59,-1.54,-0.35,-5.49
-3.71,13.55,-5.68,-0.21,0.01,-2.33,-5.49
-19.61,12.55,-6.55,0.45,-0.16,-3.88,-5.46
-16.64,19.61,-7.18,-0.01,-0.90,-4.37,-5.46
-6.07,19.61,-9.69,-0.18,-1.21,-4.37,-5.52
-7.74,16.03,-5.12,-0.62,-1.60,-4.37,-5.52
-6.52,13.01,-3.22,-0.73,-1.42,-4.37,-5.52
-4.17,9.40,-3.79,-0.52,-0.56,-4.01,-5.64
2.07,6.37,-2.27,-0.57,0.09,-3.06,-5.64
5.89,3.31,-0.26,-0.59,0.62,-2.29,-5.64
3.77,1.18,0.00,-0.39,1.08,-1.54,-5.64
4.26,0.75,-0.77,-0.28,1.50,-0.43,-5.64
4.70,-0.55,-0.40,-0.18,1.99,0.61,-5.64
4.22,-0.91,-0.34,-0.04,2.11,1.57,-5.64
2.66,-0.27,-0.62,0.01,2.03,2.57,-5.63
0.40,0.60,-0.88,-0.05,1.74,3.41,-5.63
0.10,0.81,-1.40,-0.05,1.31,4.12,-5.63
-1.39,0.63,-1.19,0.02,1.09,4.37,-5.81
-2.24,1.33,-0.41,0.10,0.92,4.37,-5.81
-4.69,2.77,-1.11,0.22,1.10,4.26,-5.95
-9.07,5.06,-2.68,0.22,1.11,3.76,-5.95
-12.79,5.35,-2.93,0.19,1.10,2.98,-5.95
-15.95,5.51,-3.98,0.22,1.10,2.10,-5.95
-16.72,4.72,-3.36,0.24,0.44,1.34,-5.95
-16.63,-0.30,-0.81,0.40,-0.26,0.62,-5.53
-19.61,17.37,-4.18,-0.12,-0.59,-0.34,-5.53
-1.75,19.61,-1.54,-0.99,-0.93,-0.07,-5.53
9.29,-2.25,-8.54,-0.06,-0.39,-0.81,-5.70
-12.40,5.38,-2.10,-0.23,0.53,-0.90,-5.70
-3.06,10.32,-2.84,-0.22,-0.25,-0.16,-5.75
-5.71,8.87,-4.00,-0.29,0.17,-0.09,-5.75
-2.59,8.86,-4.02,-0.28,0.02,0.13,-5.75
-2.87,8.30,-1.87,-0.19,0.22,0.01,-5.75
-4.36,9.07,-2.82,-0.08,0.13,0.13,-5.75
-4.19,9.04,-2.90,-0.03,-0.08,0.29,-5.73
-3.95,8.74,-3.30,-0.00,-0.21,0.39,-5.73
-3.15,8.84,-3.98,-0.03,-0.36,0.43,-5.73
-2.66,8.93,-4.40,-0.09,-0.27,0.50,-5.73
-2.46,8.99,-3.62,-0.10,-0.14,0.51,-5.73
-2.62,8.69,-4.07,-0.11,-0.05,0.54,-5.58
-3.17,9.16,-3.69,-0.14,-0.08,0.62,-5.58
-1.60,9.05,-3.42,-0.12,-0.15,0.66,-5.58
-1.07,8.37,-3.20,-0.10,-0.03,0.59,-5.58
-1.26,8.82,-3.08,-0.09,0.01,0.46,-5.58
-0.32,8.39,-3.45,-0.09,-0.03,0.34,-5.53
0.21,8.51,-3.76,-0.10,0.06,0.15,-5.53
-0.48,8.65,-3.31,-0.09,0.07,-0.02,-5.53
-0.62,8.96,-2.91,-0.09,-0.06,-0.17,-5.82
-0.95,9.06,-3.13,-0.08,-0.12,-0.31,-5.82
-0.88,9.33,-2.77,-0.09,-0.22,-0.46,-5.62
-1.24,9.64,-3.69,-0.12,-0.25,-0.53,-5.62
-2.51,9.90,-4.85,-0.23,-0.07,-0.55,-5.62
-3.26,11.11,-4.30,-0.31,-0.25,-0.44,-5.62
-3.01,10.93,-3.69,-0.41,-0.05,-0.35,-5.62
-2.67,13.59,-3.11,-0.42,0.01,-0.27,-5.54
-1.58,15.33,-3.43,-0.37,-0.16,-0.25,-5.54
-0.82,15.32,-3.43,-0.38,-0.24,-0.13,-5.54
0.05,17.20,-3.97,-0.41,-0.59,-0.02,-5.70
3.13,17.22,-3.63,-0.41,-1.21,0.16,-5.70
6.29,13.75,-3.80,-0.45,-2.15,0.13,-5.90
4.84,13.90,-2.47,-0.44,-2.18,-0.15,-5.90
-6.74,11.10,-5.84,0.11,-0.88,-2.52,-5.90
-19.61,17.43,-10.84,0.52,-0.71,-4.17,-5.85
-11.89,17.99,-5.69,-0.06,-0.81,-4.37,-5.85
-8.18,17.56,-5.96,-0.15,-1.03,-4.37,-5.85
-6.51,13.84,-4.88,-0.44,-1.57,-4.37,-5.85
-3.79,12.10,-4.11,-0.48,-1.37,-4.21,-5.85
-0.80,7.87,-3.68,-0.41,-0.59,-3.41,-5.90
1.59,4.50,-1.46,-0.48,-0.12,-2.81,-5.90
4.39,2.80,-0.45,-0.40,0.57,-1.75,-5.82
5.12,1.40,0.09,-0.23,0.98,-0.87,-5.82
5.14,-0.02,-0.00,-0.07,1.37,-0.00,-5.82
4.91,-0.40,-1.21,0.04,1.99,0.93,-5.87
3.02,-0.17,-0.45,0.10,2.24,1.64,-5.87
0.46,0.40,-0.74,0.21,2.14,2.49,-5.87
-0.77,1.84,-1.34,0.23,1.81,3.13,-5.87
-3.06,2.55,-1.27,0.30,1.13,3.67,-5.87
-2.31,2.85,-1.12,0.32,0.90,3.97,-6.18
-2.78,3.82,-1.25,0.30,1.04,3.93,-6.18
-5.02,5.39,-1.58,0.26,1.34,3.73,-6.37
-7.23,6.33,-2.29,0.18,1.40,3.39,-6.37
-8.83,6.53,-2.32,0.17,1.38,2.79,-6.37
-12.86,7.27,-2.33,0.07,1.03,2.15,-6.17
-12.37,7.08,-1.83,-0.13,0.51,1.67,-6.17
-11.81,5.77,-2.53,-0.21,0.36,1.07,-6.17
-9.15,4.53,-5.25,-0.03,0.36,0.60,-6.17
-19.61,19.61,-19.61,0.68,0.87,-2.51,-6.17
-6.53,-6.20,6.26,-0.10,-1.58,0.15,-5.89
14.24,14.74,-2.88,-0.39,-1.11,0.03,-5.89
-9.84,6.01,-2.98,0.07,0.33,-0.89,-6.20
-7.88,9.89,-2.86,-0.17,-0.13,-0.07,-6.20
-1.43,9.34,-4.07,-0.29,-0.27,0.11,-6.20
-1.64,8.19,-3.16,-0.11,-0.03,-0.02,-5.93
-2.20,8.83,-4.32,-0.05,-0.12,-0.14,-5.93
-5.28,9.12,-4.11,-0.15,-0.20,0.17,-5.93
-2.06,8.89,-3.13,-0.15,-0.22,0.30,-5.93
-1.65,8.64,-3.22,-0.08,-0.02,0.20,-5.93
-4.12,9.35,-2.78,-0.03,-0.02,0.28,-6.18
-3.84,9.07,-2.78,0.03,-0.20,0.44,-6.18
-3.11,9.12,-2.94,0.06,-0.35,0.55,-5.89
-2.55,9.25,-3.77,0.06,-0.38,0.59,-5.89
-2.01,8.89,-4.00,-0.00,-0.34,0.63,-5.89
-1.05,8.59,-3.83,-0.05,-0.28,0.60,-6.17
-0.06,8.75,-4.08,-0.07,-0.22,0.47,-6.17
-1.14,8.72,-3.00,-0.08,-0.18,0.33,-6.17
-0.47,8.91,-3.23,-0.07,-0.32,0.23,-6.17
1.36,9.21,-3.84,-0.06,-0.36,0.01,-6.17
-0.29,8.83,-4.20,-0.08,-0.36,-0.25,-5.91
-0.61,8.85,-3.68,-0.13,-0.47,-0.34,-5.91
-0.71,8.37,-3.86,-0.14,-0.38,-0.47,-6.05
-1.85,9.62,-5.25,-0.27,-0.09,-0.48,-6.05
-1.64,10.15,-4.34,-0.31,-0.06,-0.47,-6.05
-4.01,10.22,-3.17,-0.33,0.04,-0.36,-5.84
-2.47,11.82,-3.62,-0.40,0.10,-0.20,-5.84
-1.93,14.37,-3.00,-0.33,-0.03,-0.16,-5.96
-1.06,14.97,-2.92,-0.33,-0.26,-0.13,-5.96
-0.67,16.24,-3.34,-0.38,-0.55,-0.10,-5.96
2.86,16.87,-3.62,-0.44,-0.86,-0.03,-5.96
5.88,15.83,-4.16,-0.55,-1.32,-0.23,-5.96
7.52,15.35,-3.96,-0.52,-2.04,-0.31,-5.96
4.02,12.73,-1.82,-0.52,-1.69,-1.13,-5.96
-8.96,14.13,-7.41,0.13,0.34,-3.52,-5.96
-19.61,19.61,-11.11,-0.15,0.20,-4.37,-6.25
-11.78,15.83,-4.85,-0.17,-0.54,-4.37,-6.25
-9.11,15.71,-4.70,-0.43,-0.91,-4.37,-6.63
-7.72,12.63,-4.57,-0.60,-1.47,-4.37,-6.63
-5.74,10.96,-3.67,-0.58,-1.18,-4.12,-6.63
-1.16,6.98,-2.86,-0.55,-0.38,-3.40,-6.63
2.88,3.52,-0.96,-0.61,0.19,-2.79,-6.63
3.25,2.12,-0.34,-0.48,1.01,-2.03,-6.37
2.87,1.34,-0.10,-0.25,1.33,-1.30,-6.37
2.86,0.30,-0.34,-0.03,1.52,-0.41,-6.37
2.06,-0.32,0.24,0.00,1.58,0.60,-6.58
2.44,0.61,0.66,0.09,1.58,1.56,-6.58
2.83,0.62,-0.04,0.18,1.65,2.40,-6.58
0.78,1.29,-0.77,0.27,1.60,3.02,-6.58
-0.83,1.87,-1.46,0.32,1.26,3.59,-6.58
-2.73,2.13,-1.15,0.36,0.63,4.08,-6.58
-2.92,2.35,-0.71,0.40,0.40,4.35,-6.58
-4.03,3.64,-0.79,0.51,0.45,4.28,-6.64
-6.13,5.38,-1.81,0.54,0.73,3.98,-6.64
-9.95,6.60,-2.51,0.48,0.69,3.39,-6.64
-10.65,6.79,-2.42,0.41,0.65,2.67,-6.57
-10.85,6.37,-2.91,0.34,0.94,1.83,-6.57
-12.73,4.77,-3.06,0.31,0.81,1.08,-6.48
-13.31,3.47,-2.55,0.29,0.14,0.77,-6.48
-19.61,16.60,-18.69,1.32,0.66,-1.01,-6.48
-12.90,2.49,3.42,-0.25,-1.81,-0.14,-6.48
19.22,7.97,-4.92,-0.23,-1.42,0.52,-6.48
-12.69,3.62,-2.42,-0.10,0.82,-1.02,-6.41
-7.54,9.22,-3.75,-0.28,0.08,-0.04,-6.41
-2.13,10.47,-4.75,-0.45,0.04,0.04,-6.41
-2.77,8.36,-2.88,-0.32,0.06,0.08,-6.46
-2.35,8.65,-2.64,-0.16,0.02,0.03,-6.46
-4.75,8.97,-3.17,-0.12,-0.05,0.22,-6.41
-3.35,9.16,-2.76,-0.05,-0.20,0.39,-6.41
-2.50,8.61,-3.36,0.05,-0.31,0.37,-6.41
-4.30,8.72,-2.98,0.11,-0.57,0.42,-6.41
-2.77,9.41,-3.63,0.15,-0.77,0.62,-6.41
-1.79,8.66,-4.30,0.12,-0.65,0.58,-6.38
-2.16,8.83,-4.50,0.07,-0.55,0.59,-6.38
-1.92,8.76,-4.25,0.01,-0.62,0.62,-6.38
-0.65,8.77,-4.07,-0.01,-0.61,0.60,-6.45
0.23,8.67,-4.34,-0.04,-0.44,0.44,-6.45
-1.34,8.29,-3.60,-0.08,-0.21,0.31,-6.24
-1.25,9.13,-3.21,-0.07,-0.28,0.26,-6.24
-0.19,9.00,-3.41,-0.05,-0.38,0.13,-6.24
-0.95,8.49,-3.21,-0.05,-0.35,0.00,-6.48
-1.03,9.06,-3.20,-0.04,-0.45,-0.12,-6.48
-0.45,9.14,-4.01,-0.05,-0.45,-0.23,-6.48
-0.37,8.50,-4.55,-0.13,-0.32,-0.30,-6.48
-1.17,8.72,-4.06,-0.13,-0.24,-0.40,-6.48
-2.10,9.63,-3.93,-0.18,-0.13,-0.45,-6.49
0.26,9.62,-4.79,-0.31,-0.08,-0.42,-6.49
-4.21,11.53,-3.49,-0.35,0.17,-0.51,-6.55
-4.60,12.03,-2.65,-0.37,-0.32,-0.26,-6.55
-0.54,13.29,-4.13,-0.38,-0.38,-0.22,-6.55
-0.83,15.08,-4.31,-0.37,-0.26,-0.31,-6.43
1.00,15.29,-4.16,-0.43,-0.39,-0.27,-6.43
1.24,17.98,-4.80,-0.41,-0.79,-0.25,-6.43
5.24,17.40,-4.87,-0.40,-1.55,-0.09,-6.43
9.38,13.74,-4.08,-0.43,-1.77,-0.12,-6.43
4.08,12.02,-0.90,-0.50,-0.83,-0.77,-6.42
-8.31,14.59,-4.05,0.00,0.67,-2.64,-6.42
-19.61,16.46,-9.81,-0.37,0.50,-4.25,-6.51
-14.25,16.68,-4.17,-0.26,-0.09,-4.37,-6.51
-9.59,16.49,-5.47,-0.40,-0.47,-4.37,-6.51
-6.89,12.89,-5.96,-0.50,-1.05,-4.37,-6.81
-5.10,11.47,-4.80,-0.56,-1.01,-3.90,-6.81
-2.02,7.99,-2.38,-0.48,-0.76,-3.29,-6.81
1.93,4.16,-1.57,-0.41,-0.60,-2.56,-6.81
4.55,2.11,-1.07,-0.39,0.25,-1.75,-6.81
3.81,1.37,-0.28,-0.24,1.14,-0.82,-6.65
5.20,-0.39,-0.43,-0.02,1.49,0.10,-6.65
3.65,-0.99,-1.54,0.14,1.82,0.93,-6.83
2.78,0.09,-0.87,0.19,1.91,1.74,-6.83
1.60,0.40,-0.69,0.23,1.79,2.51,-6.83
0.53,0.64,-0.81,0.27,1.55,3.14,-6.93
-0.54,0.76,-1.48,0.37,1.26,3.65,-6.93
-2.46,1.83,-2.00,0.49,0.99,4.04,-6.93
-3.52,3.22,-1.49,0.55,0.57,4.18,-6.93
-5.13,3.98,-1.22,0.67,0.59,4.03,-6.93
-7.45,5.47,-2.14,0.71,0.75,3.58,-7.16
-9.02,6.56,-2.46,0.62,0.78,2.98,-7.16
-9.66,6.51,-2.59,0.48,1.05,2.18,-7.07
-11.92,5.18,-2.77,0.39,0.95,1.58,-7.07
-13.05,0.51,-4.14,0.71,0.57,1.01,-7.07
-19.61,19.61,-14.62,-0.20,-1.02,-2.73,-7.03
8.50,-4.26,6.85,-0.48,-3.06,1.57,-7.03
11.34,16.85,-10.78,-0.32,0.29,-1.58,-7.03
-13.16,4.47,-1.07,-0.27,0.30,-1.03,-7.03
-4.73,11.83,-6.30,-0.36,-0.42,-0.09,-7.03
-1.91,7.35,-2.87,-0.42,-0.25,-0.23,-6.80
-3.14,8.70,-2.68,-0.32,-0.09,-0.12,-6.80
-3.55,8.95,-4.01,-0.17,-0.08,-0.13,-6.81
-4.95,9.25,-2.85,-0.14,-0.21,0.17,-6.81
-3.40,8.60,-3.18,-0.11,-0.19,0.33,-6.81
-3.03,8.90,-3.41,-0.03,-0.21,0.36,-6.63
-3.52,9.58,-3.95,-0.02,-0.21,0.46,-6.63
-2.96,8.68,-3.53,0.01,-0.25,0.48,-6.99
-2.57,8.98,-3.95,0.00,-0.28,0.42,-6.99
-2.78,8.58,-3.65,-0.04,-0.28,0.45,-6.99
-1.68,7.53,-3.83,-0.06,-0.24,0.42,-6.99
-1.85,8.15,-3.33,-0.07,-0.05,0.36,-6.99
-1.98,8.51,-3.34,-0.06,-0.09,0.33,-6.79
-1.32,8.88,-3.67,-0.07,-0.14,0.26,-6.79
-1.80,8.48,-3.35,-0.07,-0.20,0.17,-6.79
-1.09,8.91,-3.59,-0.06,-0.33,0.11,-7.00
-0.66,9.16,-4.09,-0.10,-0.33,-0.01,-7.00
-2.43,9.44,-3.76,-0.11,-0.40,-0.09,-6.62
-1.29,8.66,-4.02,-0.14,-0.44,-0.08,-6.62
-2.22,9.53,-3.64,-0.17,-0.38,-0.17,-6.62
-1.17,10.52,-4.63,-0.23,-0.45,-0.17,-6.62
-0.91,9.92,-4.58,-0.26,-0.21,-0.26,-6.62
-3.44,11.31,-3.89,-0.32,-0.23,-0.26,-6.70
-2.10,12.66,-3.37,-0.35,-0.43,-0.19,-6.70
-0.06,12.02,-3.83,-0.40,-0.35,-0.25,-6.70
-1.21,13.43,-3.75,-0.47,-0.38,-0.32,-6.97
2.02,13.76,-3.76,-0.49,-0.53,-0.33,-6.97
2.95,15.19,-5.03,-0.54,-0.45,-0.58,-6.96
2.77,16.58,-4.98,-0.47,-1.11,-0.64,-6.96
6.43,14.28,-4.49,-0.39,-1.83,-0.50,-6.96
4.21,12.62,-2.21,-0.37,-1.57,-0.76,-6.96
-3.86,15.64,-4.45,-0.35,-0.18,-1.93,-6.96
-6.39,14.92,-4.45,-0.20,0.07,-2.27,-6.81
-11.38,10.94,-10.94,-0.55,0.90,-4.32,-6.81
-16.35,12.07,-2.96,-0.30,1.11,-4.37,-6.81
-15.85,12.35,-7.15,-0.38,-0.03,-4.37,-6.76
-9.06,10.48,-2.94,-0.51,-1.70,-3.36,-6.76
-5.31,9.16,-1.88,-0.64,-1.72,-3.20,-6.84
-2.70,7.13,-1.26,-0.54,-0.82,-2.73,-6.84
0.95,3.90,-0.44,-0.51,0.39,-2.35,-6.84
2.27,3.43,-0.65,-0.30,1.53,-1.83,-6.84
0.91,2.98,-0.29,-0.01,1.93,-1.40,-6.84
-0.35,1.58,-1.43,0.04,2.17,-0.56,-6.91
-1.09,2.07,-0.62,0.03,2.04,0.39,-6.91
-0.83,2.00,-1.36,0.02,1.73,1.33,-6.91
0.92,2.25,-2.32,0.03,1.75,2.15,-7.09
-0.57,2.23,-2.09,0.11,1.46,2.73,-7.09
-0.80,2.90,-1.30,0.13,1.05,3.29,-7.36
-0.56,2.79,-1.18,0.10,1.06,3.63,-7.36
-2.15,3.71,-1.29,0.06,1.15,3.85,-7.36
-4.11,4.05,-0.83,-0.01,0.91,4.03,-7.36
-4.02,3.79,-0.30,0.02,0.79,3.94,-7.36
-6.21,3.43,-0.53,0.06,0.44,3.60,-7.11
-8.05,3.96,-1.23,-0.03,0.24,3.19,-7.11
-8.99,4.95,-1.41,-0.25,0.36,2.71,-7.11
-7.71,4.20,-1.03,-0.32,0.76,1.98,-6.90
-8.47,2.37,-1.43,-0.30,1.10,1.27,-6.90
-9.67,2.62,-2.78,-0.39,1.18,0.97,-7.22
-19.61,19.61,-19.61,0.89,0.75,-3.67,-7.22
-8.27,-16.11,19.61,-0.53,-1.93,1.57,-7.22
17.44,11.50,-11.23,-0.21,-1.75,-0.68,-7.30
-6.94,9.36,-5.14,-0.02,1.36,-1.13,-7.30
-9.04,10.30,-5.97,0.11,-0.19,-0.27,-7.30
-1.31,9.42,-4.19,-0.09,-0.28,0.04,-7.30
-1.78,7.84,-2.74,0.03,0.07,-0.09,-7.30
-1.54,8.46,-3.76,0.11,0.01,-0.15,-6.93
-4.31,9.64,-3.97,0.05,-0.14,-0.05,-6.93
-2.99,8.87,-3.23,0.04,-0.35,0.23,-6.96
-0.64,8.49,-3.84,0.07,-0.25,0.11,-6.96
-3.15,9.05,-4.02,0.03,-0.23,0.08,-6.96
-2.37,9.23,-3.69,0.03,-0.51,0.18,-7.12
-1.79,8.81,-4.49,-0.01,-0.34,0.21,-7.12
-2.83,8.86,-4.05,-0.03,-0.19,0.27,-7.12
-3.14,9.38,-3.17,-0.09,-0.24,0.37,-7.12
-1.95,8.69,-3.18,-0.05,-0.26,0.44,-7.12
-1.25,8.74,-3.53,-0.01,-0.21,0.43,-6.98
-1.65,9.05,-3.31,-0.01,-0.14,0.39,-6.98
-0.82,8.84,-3.89,-0.02,-0.24,0.38,-7.21
-0.96,8.64,-3.96,-0.04,-0.12,0.31,-7.21
-0.81,8.81,-3.55,-0.06,-0.09,0.23,-7.21
-0.69,9.05,-3.86,-0.07,-0.13,0.14,-7.05
-1.41,8.57,-3.53,-0.08,-0.06,0.09,-7.05
-1.63,9.11,-3.04,-0.06,-0.17,0.10,-7.05
-0.82,9.12,-3.72,-0.06,-0.21,0.04,-7.05
-1.83,8.72,-3.90,-0.10,-0.11,0.01,-7.05
-1.91,9.07,-3.29,-0.12,-0.18,0.04,-7.16
-0.88,9.29,-3.32,-0.14,-0.23,-0.01,-7.16
-1.21,9.44,-3.34,-0.17,-0.34,-0.12,-7.09
-1.33,9.80,-4.12,-0.22,-0.55,-0.20,-7.09
-1.04,9.49,-3.85,-0.30,-0.72,-0.27,-7.09
1.03,9.26,-3.60,-0.32,-0.92,-0.45,-7.59
1.64,9.51,-4.35,-0.40,-0.67,-0.78,-7.59
-1.67,10.13,-4.03,-0.48,-0.55,-1.00,-7.59
-2.04,10.73,-4.54,-0.52,-0.58,-0.98,-7.59
-2.69,9.98,-2.78,-0.49,-0.73,-0.96,-7.59
-0.94,11.96,-2.69,-0.47,-0.79,-1.01,-7.29
-0.74,11.90,-2.58,-0.45,-0.79,-1.20,-7.29
-0.42,11.16,-2.21,-0.38,-0.90,-1.42,-7.12
-0.71,11.25,-2.76,-0.20,-1.09,-1.65,-7.12
-1.36,11.38,-3.06,-0.01,-1.26,-1.75,-7.12
-2.86,11.44,-3.32,0.10,-1.37,-1.67,-7.18
-3.22,10.27,-4.05,0.07,-1.33,-1.38,-7.18
-4.14,6.63,-1.80,-0.02,-1.16,-1.31,-7.18
-4.56,5.05,-3.55,0.18,-0.82,-1.19,-7.18
-3.44,4.87,-2.07,0.13,-0.77,-0.37,-7.18