-1.41,8.81,-2.99,0.20,0.12,-0.20,-7.11
-2.33,9.16,-2.42,0.18,0.21,-0.18,-7.02
-2.40,9.27,-2.24,0.20,0.08,-0.10,-7.02
-1.62,9.17,-2.85,0.22,0.04,-0.07,-7.02
-1.04,8.83,-3.13,0.24,0.06,-0.09,-6.80
-0.53,8.81,-2.81,0.27,0.13,-0.15,-6.80
-0.29,9.02,-3.25,0.32,0.27,-0.29,-6.92
-1.80,9.07,-3.71,0.30,0.25,-0.34,-6.92
-1.76,9.30,-3.78,0.27,0.05,-0.32,-6.92
-0.71,8.95,-3.93,0.22,-0.01,-0.37,-6.92
-0.77,8.76,-4.23,0.11,0.15,-0.44,-6.92
-2.25,8.75,-3.64,0.11,0.17,-0.47,-6.91
-1.99,8.94,-3.49,0.12,0.10,-0.44,-6.91
-1.41,9.13,-3.96,0.09,0.13,-0.48,-6.91
-1.97,9.11,-3.84,0.04,0.08,-0.52,-6.77
-1.94,8.71,-3.99,0.01,0.02,-0.54,-6.77
-2.20,8.98,-3.54,-0.01,-0.02,-0.56,-6.84
-2.09,9.19,-3.91,-0.03,-0.07,-0.56,-6.84
-1.78,8.66,-3.86,-0.05,-0.02,-0.62,-6.84
-2.76,8.65,-3.55,-0.04,0.00,-0.67,-6.84
-3.09,8.85,-3.00,-0.04,-0.06,-0.66,-6.84
-2.10,8.50,-3.64,-0.04,-0.04,-0.68,-7.09
-3.58,8.16,-3.60,-0.07,-0.03,-0.72,-7.09
-2.62,8.57,-2.98,-0.08,-0.06,-0.71,-7.09
-3.21,7.83,-3.07,-0.07,0.02,-0.80,-6.90
-3.01,8.87,-3.12,-0.04,-0.12,-0.81,-6.90
-2.76,8.85,-3.03,-0.00,-0.23,-0.95,-6.98
-4.09,8.30,-1.97,0.04,-0.39,-1.07,-6.98
-4.03,8.27,-2.69,0.02,-0.49,-1.01,-6.98
-4.35,8.37,-2.85,0.06,-0.59,-0.98,-6.98
-3.20,8.27,-3.99,0.04,-0.55,-1.08,-6.98
-4.06,7.76,-3.83,-0.01,-0.54,-1.13,-6.78
-4.49,8.21,-3.09,-0.05,-0.55,-1.13,-6.78
-5.00,7.31,-3.06,-0.07,-0.51,-1.18,-6.78
-6.02,5.82,-2.57,-0.10,-0.42,-1.13,-6.79
-4.84,8.08,-3.29,-0.14,-0.48,-1.06,-6.79
-4.04,9.29,-3.01,-0.19,-0.58,-1.19,-6.64
-5.59,9.23,-3.01,-0.20,-0.61,-1.28,-6.64
-5.68,8.47,-3.22,-0.19,-0.71,-1.32,-6.64
-6.51,9.82,-3.48,-0.20,-0.84,-1.32,-6.64
-3.74,9.01,-3.05,-0.26,-0.83,-1.53,-6.64
-8.37,6.36,-1.20,-0.23,-0.90,-1.53,-6.73
-6.76,10.03,-1.89,-0.26,-1.11,-1.55,-6.73
-6.48,10.03,-1.93,-0.29,-1.25,-1.70,-6.73
-4.36,9.01,-2.29,-0.36,-1.13,-1.80,-6.63
-6.73,8.95,-3.39,-0.48,-0.95,-1.75,-6.63
-7.09,6.34,-3.12,-0.56,-0.89,-1.65,-6.81
-6.90,4.62,-2.10,-0.58,-0.96,-1.50,-6.81
-6.79,3.17,-1.70,-0.60,-0.78,-1.42,-6.81
-8.28,3.00,-1.73,-0.66,-0.47,-1.34,-6.81
-8.97,3.38,-1.39,-0.81,-0.11,-1.25,-6.81
-10.06,3.38,-1.22,-0.91,0.02,-0.98,-6.65
-9.75,3.72,-1.59,-0.87,-0.15,-0.72,-6.65
-10.75,3.96,-1.19,-0.74,-0.24,-0.53,-6.65
-10.78,3.79,-0.79,-0.50,-0.49,-0.40,-6.82
-8.62,3.16,0.40,-0.31,-0.62,-0.29,-6.82
-7.42,2.48,1.10,-0.13,-0.49,-0.27,-6.72
-5.62,2.77,1.20,-0.01,-0.20,-0.10,-6.72
-3.60,2.41,1.35,0.07,-0.09,0.17,-6.72
-4.77,3.35,0.57,0.09,-0.05,0.41,-6.69
-3.95,3.79,0.25,0.03,0.20,0.80,-6.69
-4.40,4.83,-0.86,0.11,0.42,1.03,-6.69
-4.24,4.17,-0.45,0.11,0.44,1.30,-6.69
-5.40,4.65,-0.56,0.22,0.37,1.52,-6.69
-4.50,5.75,-0.85,0.24,0.31,1.88,-6.72
-4.09,6.01,-0.32,0.21,0.24,2.19,-6.72
-6.74,4.93,-0.27,0.37,0.31,2.23,-6.91
-5.40,6.09,-1.13,0.53,0.60,2.65,-6.91
-3.77,6.32,-0.72,0.68,0.68,2.74,-6.91
-4.67,7.41,-1.27,0.80,0.66,2.78,-6.65
-4.42,7.86,-0.94,0.84,0.56,2.94,-6.65
-5.45,7.75,-0.52,0.75,0.33,3.07,-6.65
-8.66,6.98,-0.84,0.82,0.16,3.00,-6.65
-6.56,9.24,-2.29,0.91,0.24,3.38,-6.65
-2.37,9.51,-1.19,0.79,0.18,3.45,-6.78
-2.95,9.23,-0.94,0.94,0.21,3.01,-6.78
-3.99,10.58,-1.17,0.93,0.48,2.87,-6.71
-3.95,10.81,-1.05,0.80,0.44,2.88,-6.71
-4.81,11.37,-2.09,0.63,0.42,2.79,-6.71
-4.09,11.38,-2.50,0.44,0.46,2.64,-6.77
-2.67,11.12,-2.32,0.34,0.49,2.25,-6.77
-1.48,10.53,-1.71,0.38,0.71,1.93,-6.77
-1.02,10.35,-1.58,0.38,0.96,1.75,-6.77
-1.92,10.86,-2.39,0.28,1.02,1.58,-6.77
-2.46,10.27,-2.13,0.19,0.80,1.36,-6.67
-2.63,9.92,-2.74,0.11,0.49,1.05,-6.67
-0.81,9.15,-2.47,0.03,0.26,0.81,-6.87
0.51,8.92,-2.08,0.01,0.27,0.64,-6.87
0.89,9.26,-2.15,0.03,0.31,0.44,-6.87
1.05,9.04,-2.49,0.03,0.37,0.33,-6.78
0.97,7.66,-2.55,0.09,0.31,0.11,-6.78
0.73,7.24,-2.25,0.13,0.27,-0.15,-6.78
0.94,7.50,-1.97,0.12,0.32,-0.29,-6.78
0.82,7.54,-2.09,0.12,0.41,-0.26,-6.78
0.73,7.03,-1.76,0.16,0.34,-0.09,-6.89
0.45,6.72,-2.09,0.16,0.10,0.01,-6.89
-0.97,6.86,-1.99,0.28,-0.36,0.02,-6.64
-3.97,6.92,-2.24,0.35,-1.11,-0.09,-6.64
-3.75,8.73,-2.12,0.31,-2.05,0.02,-6.64
-0.44,8.55,-1.83,0.18,-2.36,-0.11,-6.65
-5.71,2.52,-5.10,0.85,-2.28,-1.12,-6.65
-10.72,8.24,-0.58,0.67,-1.44,-2.23,-6.65
12.61,19.61,-6.10,-0.24,-1.58,-0.99,-6.65
18.31,5.01,-7.00,0.44,-0.01,-1.97,-6.65
2.23,10.37,-6.17,-0.01,1.50,-2.19,-6.58
-7.37,10.16,-4.74,0.06,0.95,-1.64,-6.58
4.52,17.82,-5.41,-0.07,0.61,-0.81,-6.50
6.99,19.61,0.02,-0.02,0.65,-1.64,-6.50
-6.48,2.83,-1.20,0.11,0.57,-1.64,-6.50
-7.01,9.66,-4.03,0.23,-0.32,-1.10,-6.55
-8.67,6.20,-4.26,0.22,-0.63,-0.26,-6.55
-4.74,8.91,-3.69,0.11,-0.43,0.36,-6.35
-2.00,9.22,-3.46,0.15,-0.45,0.49,-6.35
1.23,9.82,-4.44,0.18,-0.30,0.40,-6.35
0.26,9.22,-4.43,0.13,0.19,0.24,-6.35
-1.37,8.22,-3.46,0.07,0.33,0.22,-6.35
-0.81,8.71,-3.96,0.09,0.23,0.18,-6.41
-1.95,8.97,-3.96,0.04,0.20,0.20,-6.41
-1.89,9.40,-3.05,0.03,-0.01,0.24,-6.41
0.05,8.87,-3.66,0.06,-0.10,0.19,-6.28
-0.89,8.65,-4.57,0.03,0.02,0.12,-6.28
0.20,9.13,-4.31,-0.01,-0.04,0.09,-6.31
1.09,8.99,-4.03,-0.00,0.09,-0.05,-6.31
-0.03,8.88,-4.39,0.03,0.22,-0.17,-6.31
-0.61,9.05,-4.13,-0.02,0.23,-0.24,-6.31
-0.75,8.85,-3.50,-0.02,0.12,-0.29,-6.31
-1.14,9.09,-3.77,-0.01,0.06,-0.30,-6.27
-0.63,8.88,-4.29,-0.02,0.05,-0.28,-6.27
-0.40,8.67,-4.23,-0.01,0.09,-0.33,-6.27
-1.06,8.63,-4.47,0.03,0.13,-0.33,-6.22
-1.60,9.00,-3.82,-0.02,0.29,-0.30,-6.22
-0.08,8.94,-3.77,-0.02,0.23,-0.34,-6.44
-0.95,8.82,-3.78,-0.03,0.29,-0.44,-6.44
-1.57,9.14,-3.56,-0.06,0.19,-0.48,-6.44
-0.75,8.76,-3.85,-0.07,-0.02,-0.51,-6.44
-1.51,8.75,-4.03,-0.08,0.01,-0.58,-6.44
-1.97,9.18,-3.39,-0.11,-0.07,-0.60,-6.58
-1.25,9.01,-3.71,-0.11,-0.16,-0.65,-6.58
-1.35,8.62,-3.68,-0.11,-0.22,-0.73,-6.58
-2.22,8.89,-3.39,-0.13,-0.32,-0.77,-6.58
-1.67,8.54,-3.08,-0.10,-0.31,-0.80,-6.58
-2.16,8.73,-3.14,-0.08,-0.21,-0.88,-6.50
-2.01,8.60,-3.32,-0.07,-0.34,-0.96,-6.50
-2.47,9.00,-2.91,-0.06,-0.56,-1.04,-6.50
-0.21,8.95,-3.42,-0.01,-0.72,-1.19,-6.50
-5.24,6.96,-4.66,-0.05,-0.50,-1.34,-6.50
-4.93,8.42,-3.45,-0.12,-0.61,-0.95,-6.35
-1.76,9.13,-3.37,-0.11,-0.71,-1.08,-6.35
-0.27,9.86,-3.97,-0.16,-0.80,-1.39,-6.35
-4.67,8.92,-3.35,-0.19,-0.62,-1.75,-6.59
-5.81,9.21,-2.55,-0.23,-0.88,-1.35,-6.59
-3.79,7.25,-2.98,-0.22,-0.68,-1.52,-6.23
-5.34,9.60,-3.35,-0.29,-0.75,-1.42,-6.23
-4.04,6.16,-3.01,-0.34,-0.65,-1.62,-6.23
-8.75,6.62,-2.80,-0.36,-0.77,-1.34,-6.23
-2.38,9.66,-2.68,-0.48,-0.84,-1.41,-6.23
-6.83,9.59,-2.53,-0.49,-0.78,-1.61,-6.24
-5.24,9.85,-2.35,-0.52,-1.01,-1.72,-6.24
-8.69,11.17,-1.99,-0.45,-1.23,-1.75,-6.24
-5.09,13.99,-2.39,-0.53,-1.55,-1.80,-6.31
-4.32,11.82,-2.30,-0.59,-1.35,-2.01,-6.31
-5.38,7.88,-1.69,-0.75,-1.06,-1.93,-6.46
-5.88,4.09,-1.53,-0.81,-0.79,-1.81,-6.46
-6.99,3.88,-2.31,-0.78,-0.72,-1.66,-6.46
-7.90,2.80,-1.58,-0.77,-0.62,-1.52,-6.39
-9.17,3.81,-1.62,-0.81,-0.52,-1.29,-6.39
-9.02,3.61,-1.53,-0.93,-0.15,-1.12,-6.39
-10.85,3.30,-1.81,-1.00,0.21,-0.99,-6.39
-11.72,2.85,-1.15,-0.99,0.26,-0.77,-6.39
-12.20,3.47,-0.80,-0.83,0.01,-0.56,-6.36
-8.03,3.22,0.49,-0.71,-0.36,-0.08,-6.36
-1.17,2.74,0.06,-0.38,-0.38,0.44,-6.43
-0.15,1.80,1.20,-0.03,-0.07,0.58,-6.43
-3.08,3.86,0.31,0.34,0.35,0.92,-6.43
-4.35,4.02,1.01,0.48,0.27,1.26,-6.35
-4.03,4.56,0.48,0.56,0.25,1.69,-6.35
-3.67,5.05,0.08,0.65,0.37,1.90,-6.35
-3.32,5.62,-0.21,0.69,0.55,2.14,-6.35
-4.42,5.80,-0.53,0.71,0.65,2.34,-6.35
-5.73,6.27,-0.61,0.72,0.65,2.49,-6.27
-5.35,6.49,-0.80,0.71,0.68,2.71,-6.27
-3.94,6.35,-0.58,0.75,0.77,2.86,-6.55
-4.53,6.61,-1.11,0.80,0.81,2.98,-6.55
-5.49,7.22,-1.16,0.84,0.71,3.15,-6.55
-5.85,8.41,-1.60,0.83,0.57,3.39,-6.28
-4.87,8.32,-1.16,0.76,0.55,3.45,-6.28
-5.35,9.24,-1.54,0.81,0.76,3.23,-6.28
-5.45,10.17,-2.27,0.69,0.90,3.30,-6.28
-4.02,10.88,-1.83,0.57,0.73,3.33,-6.28
-3.75,11.76,-2.67,0.42,0.64,3.28,-6.37
-2.66,11.28,-2.39,0.31,0.56,2.99,-6.37
-2.09,11.89,-2.82,0.31,0.78,2.57,-6.14
-1.53,12.11,-3.09,0.30,1.19,2.42,-6.14
-0.44,12.40,-3.17,0.27,1.61,2.23,-6.14
-0.08,11.75,-3.10,0.19,1.87,1.88,-6.14
-0.23,11.27,-2.76,0.15,1.83,1.40,-6.14
-0.51,10.60,-2.91,0.15,1.69,0.94,-6.14
-1.73,10.73,-3.03,0.12,1.42,0.65,-6.14
-1.33,9.91,-2.21,0.12,0.93,0.48,-6.14
-0.47,9.32,-1.95,0.15,0.48,0.24,-6.22
-0.28,9.37,-2.11,0.20,0.01,0.05,-6.22
0.20,9.46,-2.00,0.18,-0.43,-0.10,-6.30
0.98,9.16,-1.84,0.16,-0.70,-0.27,-6.30
1.87,9.28,-1.96,0.12,-0.71,-0.38,-6.30
2.83,9.13,-1.68,0.04,-0.57,-0.35,-6.35
3.32,8.74,-1.60,0.06,-0.32,-0.33,-6.35
2.92,8.73,-1.83,0.07,-0.13,-0.26,-6.35
2.60,8.77,-1.80,0.07,0.00,-0.14,-6.35
1.92,8.38,-1.87,0.07,0.06,-0.10,-6.35
1.11,8.42,-1.92,0.09,-0.04,-0.05,-6.36
0.89,8.47,-2.27,0.08,-0.31,-0.01,-6.36
1.14,8.00,-2.15,0.09,-0.39,0.03,-6.16
1.09,7.43,-2.41,0.12,-0.42,0.04,-6.16
0.48,7.22,-2.41,0.15,-0.59,0.07,-6.16
-0.35,6.88,-2.47,0.20,-0.79,0.07,-5.91
-1.14,6.31,-2.90,0.32,-0.96,0.00,-5.91
-2.35,6.95,-2.24,0.29,-1.30,0.03,-6.25
-2.80,7.25,-1.63,0.23,-1.82,0.03,-6.25
-2.98,7.00,-1.60,0.14,-2.20,-0.24,-6.25
-2.69,7.05,-2.22,0.03,-2.12,-0.64,-6.25
-4.62,8.47,-8.24,-0.11,-1.48,-1.37,-6.25
-3.86,19.61,-9.84,0.50,-1.04,-3.13,-6.20
19.61,16.72,0.42,0.20,-1.14,-0.77,-6.20
11.16,5.48,-12.11,0.12,0.84,-2.46,-6.20
1.02,10.67,-11.88,-0.07,2.27,-2.18,-6.08
-6.99,11.52,-10.52,0.29,0.78,-1.55,-6.08
7.15,19.61,-4.14,0.05,0.62,-1.08,-6.04
-0.50,15.46,2.89,-0.09,1.17,-1.84,-6.04
-8.13,6.95,-2.47,-0.14,0.72,-1.46,-6.04
-6.92,8.12,-6.10,-0.23,-0.07,-0.70,-6.04
-6.92,6.58,-3.01,-0.19,-0.07,-0.07,-6.04
-3.14,9.34,-1.70,-0.05,0.03,0.35,-6.15
0.21,9.96,-3.31,0.08,0.28,0.30,-6.15
0.97,9.84,-3.14,0.20,0.46,0.05,-6.15
-1.78,8.19,-4.09,0.16,0.32,-0.02,-6.12
-0.47,8.10,-5.64,0.10,0.11,-0.04,-6.12
-1.53,9.57,-4.02,0.03,-0.05,-0.10,-5.84
0.02,9.31,-3.61,0.02,-0.22,-0.17,-5.84
0.22,8.27,-3.94,-0.00,-0.06,-0.42,-5.84
-0.91,8.74,-4.15,-0.01,-0.07,-0.51,-5.84
-1.85,9.00,-4.22,-0.04,0.06,-0.55,-5.84
-3.01,8.66,-3.45,-0.02,0.07,-0.44,-6.06
-3.46,8.89,-3.25,-0.01,0.14,-0.28,-6.06
-2.83,9.17,-3.10,0.00,0.07,-0.15,-6.06
-1.73,8.92,-3.98,0.00,0.01,-0.12,-6.19
-1.39,8.94,-3.59,-0.02,-0.07,-0.18,-6.19
-0.41,8.56,-4.17,-0.10,-0.12,-0.32,-6.08
-1.00,8.30,-3.95,-0.12,-0.12,-0.47,-6.08
-1.95,8.93,-3.09,-0.13,-0.18,-0.55,-6.08
-0.88,8.91,-3.19,-0.11,-0.26,-0.65,-6.08
-1.56,8.88,-4.15,-0.06,-0.28,-0.81,-6.08
-2.96,8.65,-3.49,-0.10,-0.38,-0.79,-6.09
-2.41,8.54,-3.21,-0.09,-0.43,-0.82,-6.09
-4.52,8.11,-2.53,-0.07,-0.34,-0.78,-6.09
-3.44,8.71,-3.56,-0.12,-0.43,-0.61,-5.95
-1.18,8.68,-4.32,-0.20,-0.46,-0.65,-5.95
-1.76,7.90,-3.63,-0.19,-0.34,-0.93,-6.15
-3.72,8.70,-2.86,-0.19,-0.39,-0.97,-6.15
-3.82,8.50,-2.58,-0.19,-0.46,-0.90,-6.15
-5.02,8.45,-2.40,-0.15,-0.52,-0.84,-6.21
-3.19,8.24,-3.43,-0.18,-0.56,-0.80,-6.21
-3.85,8.27,-3.57,-0.22,-0.55,-0.91,-6.17
-2.55,8.82,-2.91,-0.23,-0.74,-1.06,-6.17
-3.06,8.62,-3.45,-0.27,-0.78,-1.28,-6.17
-5.38,8.37,-3.51,-0.34,-0.77,-1.34,-5.96
-3.24,9.08,-3.20,-0.41,-0.95,-1.42,-5.96
-4.92,13.13,-3.28,-0.43,-1.05,-1.64,-6.01
0.35,9.44,-2.66,-0.59,-0.91,-2.04,-6.01
-9.89,5.48,-1.59,-0.55,-0.92,-1.99,-6.01
-5.50,8.42,-1.89,-0.61,-1.32,-1.83,-5.91
-6.16,10.90,-2.24,-0.59,-1.27,-2.03,-5.91
-3.72,14.78,-3.17,-0.73,-1.44,-2.22,-5.91
-5.30,13.59,-3.20,-0.88,-1.06,-2.35,-5.91
-6.06,11.48,-3.18,-0.92,-1.15,-2.19,-5.91
-4.62,7.42,-2.30,-0.84,-1.04,-2.00,-5.87
-6.04,3.72,-1.22,-0.73,-0.69,-1.88,-5.87
-7.20,2.71,-2.26,-0.78,0.09,-1.62,-5.57
-13.93,1.12,-3.47,-0.94,0.96,-1.39,-5.57
-14.27,1.98,-1.66,-1.06,0.62,-0.77,-5.57
-5.35,2.39,-0.03,-1.13,-0.13,0.40,-5.85
1.76,-1.87,1.53,-0.70,-0.13,1.15,-5.85
-0.82,2.30,-1.49,-0.04,0.50,1.50,-5.85
-2.26,2.41,-0.03,0.26,0.32,1.90,-5.85
-4.57,3.68,0.19,0.59,-0.10,2.38,-5.85
-4.28,4.49,0.92,0.76,-0.38,2.83,-5.80
-3.97,4.89,1.55,0.87,-0.38,3.01,-5.80
-4.99,5.06,1.22,1.03,0.04,2.99,-5.76
-5.57,6.29,0.07,1.04,0.48,3.07,-5.76
-4.61,7.43,0.23,0.92,0.57,3.02,-5.76
-4.90,7.93,0.60,0.89,0.62,2.82,-5.77
-6.20,8.07,0.30,0.87,0.58,2.88,-5.77
-6.80,7.22,0.41,0.74,0.35,2.94,-5.77
-7.47,7.38,-0.36,0.78,0.30,2.84,-5.77
-6.21,9.76,-1.77,0.82,0.40,2.82,-5.77
-4.55,10.62,-2.12,0.69,0.44,2.69,-5.53
-2.99,10.51,-1.83,0.63,0.70,2.38,-5.53
-2.21,10.71,-1.98,0.53,1.18,2.14,-5.90
-2.57,10.54,-1.80,0.43,1.39,2.08,-5.90
-3.30,10.43,-1.94,0.35,1.39,2.07,-5.90
-2.99,11.64,-2.99,0.33,1.41,2.08,-5.92
-1.09,12.04,-3.07,0.21,1.34,2.19,-5.92
1.19,12.01,-2.84,0.14,1.29,2.03,-5.92
1.31,12.19,-3.01,0.16,1.43,1.77,-5.92
0.72,11.85,-3.28,0.15,1.52,1.48,-5.92
0.13,11.36,-3.03,0.15,1.42,1.20,-5.80
-0.38,10.27,-2.61,0.21,1.15,0.86,-5.80
-0.81,9.22,-2.34,0.30,0.68,0.50,-5.69
-0.09,9.34,-2.29,0.29,0.25,0.28,-5.69
1.78,9.16,-2.03,0.25,-0.04,0.14,-5.69
2.68,8.94,-1.92,0.23,-0.15,-0.04,-5.81
2.00,8.92,-1.41,0.19,-0.31,-0.19,-5.81
2.10,8.77,-1.33,0.19,-0.38,-0.10,-5.77
2.83,8.53,-1.63,0.20,-0.32,-0.01,-5.77
3.34,8.28,-1.93,0.19,-0.09,-0.02,-5.77
3.01,8.34,-2.06,0.18,0.19,-0.06,-5.81
2.35,8.85,-1.91,0.15,0.35,-0.06,-5.81
1.80,8.68,-2.02,0.06,0.34,-0.09,-5.98
1.56,8.36,-2.09,0.05,0.28,-0.10,-5.98
1.36,8.39,-2.17,0.09,0.13,-0.11,-5.98
1.71,8.47,-2.19,0.09,0.02,-0.10,-5.96
2.35,7.87,-2.60,0.14,-0.10,-0.07,-5.96
2.49,8.59,-2.66,0.14,-0.33,-0.01,-5.78
1.95,9.48,-2.14,0.06,-0.37,0.03,-5.78
1.80,8.39,-2.13,0.06,-0.44,-0.02,-5.78
0.96,7.78,-2.87,0.15,-0.49,-0.12,-5.78
0.81,9.17,-3.14,0.17,-0.55,-0.06,-5.78
1.71,8.61,-3.02,0.21,-0.66,-0.07,-5.73
1.83,7.98,-3.07,0.19,-0.79,-0.06,-5.73
0.50,8.82,-2.26,0.19,-1.09,-0.04,-5.73
-1.36,8.22,-2.03,0.19,-1.46,-0.12,-5.55
-1.91,8.16,-1.95,0.17,-1.96,-0.13,-5.55
-0.11,8.41,-1.51,0.01,-2.17,-0.13,-5.76
-2.00,3.96,-4.13,0.41,-2.14,-0.69,-5.76
-2.97,6.55,-1.36,0.02,-1.51,-1.47,-5.76
-2.45,16.21,-5.49,0.23,-0.43,-2.56,-5.76
11.75,15.55,-3.54,0.04,-0.63,-1.34,-5.76
8.23,7.01,-6.85,0.14,0.48,-2.05,-5.70
0.14,7.43,-7.41,-0.14,1.47,-2.00,-5.70
0.01,11.14,-7.10,0.27,0.80,-1.51,-5.70
3.17,18.30,-7.64,0.08,1.31,-1.19,-5.58
1.19,19.61,-0.36,-0.04,1.14,-1.73,-5.58
-4.97,8.12,-3.11,0.07,0.11,-1.63,-5.56
-5.38,7.10,-4.81,0.03,-0.45,-1.21,-5.56
-7.63,7.44,-2.89,0.07,-0.66,-0.63,-5.56
-4.29,8.75,-2.97,0.08,-0.45,-0.05,-5.56
-2.99,9.36,-4.06,0.11,-0.24,0.12,-5.56
-0.98,9.54,-3.86,0.14,-0.19,0.20,-5.38
-0.35,8.60,-3.59,0.14,0.03,0.06,-5.38
-2.36,8.19,-4.33,0.11,0.01,0.07,-5.38
-1.75,8.91,-4.62,0.06,-0.12,0.12,-5.58
-0.55,8.63,-4.70,-0.01,-0.06,0.08,-5.58
-1.12,8.73,-4.04,-0.06,0.15,-0.01,-5.38
-0.80,8.97,-3.64,-0.06,0.17,-0.08,-5.38
-1.41,8.78,-3.41,-0.06,0.11,-0.16,-5.38
-2.05,8.92,-3.40,-0.05,-0.00,-0.19,-5.38
-0.90,8.97,-3.77,-0.05,-0.05,-0.22,-5.38
-0.42,8.70,-4.03,-0.06,-0.00,-0.39,-5.45
-1.37,8.94,-3.74,-0.08,0.00,-0.48,-5.45
-0.90,8.74,-3.76,-0.09,-0.11,-0.59,-5.45
-1.29,8.54,-3.71,-0.09,-0.15,-0.71,-5.48
-2.43,8.82,-3.57,-0.13,-0.23,-0.75,-5.48
-2.03,8.83,-3.34,-0.13,-0.38,-0.80,-5.33
-0.83,8.65,-3.54,-0.13,-0.44,-0.92,-5.33
-1.06,8.69,-3.91,-0.14,-0.45,-1.10,-5.33
-3.40,7.92,-4.14,-0.15,-0.31,-1.16,-5.45
-3.59,9.23,-3.17,-0.17,-0.26,-1.06,-5.45
-2.84,8.92,-2.86,-0.16,-0.35,-1.00,-5.45
-1.66,8.46,-3.50,-0.15,-0.41,-1.17,-5.45
-4.53,8.37,-2.92,-0.15,-0.53,-1.26,-5.45
-4.15,8.06,-2.91,-0.15,-0.71,-1.22,-5.14
-5.15,7.59,-3.07,-0.16,-0.69,-1.16,-5.14
-3.24,8.22,-3.58,-0.20,-0.72,-1.20,-5.29
-4.67,8.28,-3.71,-0.24,-0.72,-1.32,-5.29
-2.93,8.77,-3.78,-0.33,-0.80,-1.35,-5.29
-6.40,7.98,-3.22,-0.37,-0.65,-1.48,-5.56
-4.54,10.84,-3.04,-0.43,-0.87,-1.45,-5.56
-5.90,8.33,-2.47,-0.46,-0.83,-1.64,-5.56
-6.52,10.48,-2.47,-0.49,-1.14,-1.59,-5.56
-5.09,11.12,-2.05,-0.51,-1.36,-1.79,-5.56
-6.93,14.52,-2.34,-0.51,-1.64,-1.95,-5.47
-0.69,15.36,-3.06,-0.70,-1.77,-2.20,-5.47
-5.27,7.64,-1.37,-0.83,-0.92,-2.31,-5.81
-7.32,6.49,-2.44,-0.92,-0.91,-1.92,-5.81
-5.13,4.54,-2.49,-0.89,-0.82,-1.72,-5.81
-5.98,3.67,-1.93,-0.86,-0.40,-1.68,-5.93
-9.14,3.01,-1.53,-0.84,0.06,-1.71,-5.93
-12.22,2.18,-1.55,-0.85,0.22,-1.52,-5.93
-11.49,1.20,-1.95,-0.85,0.04,-1.27,-5.93
-9.54,1.20,-2.82,-0.82,0.07,-0.84,-5.93
-5.41,0.31,-0.98,-0.74,0.02,-0.33,-5.62
-2.09,2.05,0.26,-0.69,-0.22,0.51,-5.62
-3.24,3.40,0.01,-0.45,0.03,1.09,-5.63
-2.17,2.79,0.26,-0.16,0.14,1.56,-5.63
-2.55,3.13,-0.12,0.19,0.28,1.88,-5.63
-3.16,3.88,0.34,0.45,0.43,2.17,-5.71
-4.33,4.74,0.76,0.64,0.42,2.45,-5.71
-4.72,6.14,0.74,0.71,0.26,2.81,-5.71
-4.09,7.10,0.43,0.73,0.22,3.06,-5.71
-4.53,7.18,0.57,0.80,0.33,3.12,-5.71
-5.31,7.37,-0.61,0.95,0.58,3.19,-5.56
-5.21,7.86,-0.99,1.03,0.52,3.31,-5.56
-4.97,7.98,-0.05,1.01,0.15,3.45,-5.54
-6.55,9.60,0.28,1.09,-0.11,3.42,-5.54
-6.81,9.39,-0.41,1.04,0.05,3.48,-5.54
-4.30,9.90,-0.56,1.01,0.43,3.40,-5.62
-2.83,10.61,-1.97,0.91,1.10,3.12,-5.62
-2.67,10.90,-1.71,0.77,1.48,2.87,-5.62
-3.77,11.98,-2.37,0.65,1.45,2.67,-5.62
-4.21,12.17,-2.64,0.39,1.19,2.63,-5.62
-4.14,11.74,-2.65,0.21,0.75,2.49,-5.69
-3.46,11.82,-3.49,0.19,0.54,2.25,-5.69
-1.57,11.40,-3.49,0.12,0.68,2.03,-5.57
1.61,11.24,-3.51,0.15,1.07,1.60,-5.57
2.11,10.74,-2.94,0.18,1.50,1.04,-5.57
0.39,10.46,-2.89,0.12,1.60,0.61,-5.34
-0.92,10.23,-2.60,0.12,1.37,0.34,-5.34
-1.51,9.95,-2.60,0.17,0.93,0.18,-5.60
-0.27,9.55,-2.21,0.14,0.53,0.09,-5.60
1.40,9.07,-2.15,0.15,0.32,0.00,-5.60
1.84,9.05,-2.32,0.16,0.18,-0.16,-5.60
1.32,8.83,-1.92,0.16,-0.02,-0.15,-5.60
1.19,8.54,-2.00,0.16,-0.31,-0.02,-5.27
1.95,8.59,-2.00,0.17,-0.45,0.06,-5.27
2.15,8.64,-2.57,0.20,-0.37,-0.02,-5.27
2.02,8.68,-2.49,0.18,-0.25,-0.05,-5.48
2.26,8.75,-2.26,0.16,-0.23,-0.01,-5.48
2.49,8.66,-1.98,0.11,-0.21,0.01,-5.34
2.66,8.31,-1.81,0.12,-0.18,0.01,-5.34
2.35,8.14,-2.11,0.11,-0.15,0.02,-5.34
1.96,8.20,-2.11,0.13,-0.10,0.01,-5.34
1.20,8.15,-2.32,0.17,-0.12,-0.09,-5.34
0.11,7.87,-2.22,0.17,-0.36,-0.09,-5.52
0.04,7.66,-2.25,0.18,-0.67,-0.01,-5.52
0.56,7.68,-2.23,0.18,-0.81,0.02,-5.52
0.42,7.11,-2.63,0.17,-0.90,-0.07,-5.64
-0.57,7.37,-3.39,0.15,-0.96,-0.17,-5.64
-1.77,7.85,-3.80,0.14,-1.11,-0.31,-5.53
-1.12,7.10,-4.23,0.18,-1.27,-0.45,-5.53
0.31,7.13,-4.13,0.26,-1.25,-0.62,-5.53
-3.43,1.79,-11.39,1.50,-1.49,-1.26,-5.53
-7.75,11.02,6.58,-0.06,-2.30,-1.43,-5.53
-3.39,19.61,-3.51,0.08,-2.13,-1.50,-5.40
19.61,11.02,2.62,0.40,-1.00,-0.71,-5.40
10.21,9.90,-6.35,0.04,1.50,-2.57,-5.40
-3.97,7.38,-6.67,-0.22,2.37,-2.35,-5.28
-4.10,9.15,-9.75,0.24,0.71,-1.61,-5.28
1.93,15.72,-9.00,0.05,0.87,-1.06,-5.20
2.72,19.61,-0.65,-0.14,1.09,-1.47,-5.20
-3.18,10.29,-1.36,0.03,0.43,-1.77,-5.20
-7.10,6.18,-5.46,-0.01,0.18,-1.32,-5.20
-8.09,8.26,-3.26,0.03,-0.50,-0.53,-5.20
-2.30,8.85,-3.97,0.09,-0.24,-0.12,-5.08
-3.03,8.96,-4.80,0.07,0.15,-0.06,-5.08
-2.57,8.84,-4.74,0.01,0.06,0.12,-5.08
-0.60,9.24,-3.48,0.04,0.06,0.05,-5.49
-1.12,8.67,-3.70,0.08,0.10,-0.10,-5.49
-2.53,8.58,-4.38,0.06,0.03,-0.10,-5.34
-2.64,8.77,-3.74,0.04,-0.13,-0.02,-5.34
-1.68,8.67,-2.87,0.10,-0.16,-0.04,-5.34
-2.10,8.89,-3.46,0.16,-0.19,-0.06,-5.34
-1.91,8.78,-4.03,0.17,-0.29,-0.08,-5.34
-1.82,8.82,-5.29,0.07,-0.27,-0.05,-4.99
-1.35,8.19,-5.09,-0.02,-0.09,-0.11,-4.99
-2.38,8.79,-3.81,-0.04,-0.02,-0.11,-4.99
-1.17,8.67,-3.59,-0.03,-0.01,-0.15,-5.17
-2.12,8.73,-4.12,-0.04,0.01,-0.22,-5.17
-2.67,8.94,-3.70,-0.06,-0.20,-0.16,-5.31
-1.37,8.86,-3.14,-0.02,-0.31,-0.21,-5.31
-1.70,8.63,-3.65,-0.01,-0.30,-0.31,-5.31
-2.61,8.74,-3.38,-0.04,-0.37,-0.31,-5.11
-2.68,8.84,-3.37,-0.02,-0.49,-0.31,-5.11
-1.68,8.58,-3.97,-0.02,-0.51,-0.35,-5.11
-2.71,8.67,-4.02,-0.04,-0.47,-0.39,-5.11
-2.03,8.75,-3.92,-0.06,-0.55,-0.41,-5.11
-1.29,8.33,-4.59,-0.09,-0.45,-0.52,-5.46
-3.58,8.43,-3.67,-0.10,-0.41,-0.52,-5.46
-1.89,7.82,-4.00,-0.11,-0.39,-0.54,-5.22
-4.17,7.91,-3.61,-0.11,-0.19,-0.52,-5.22
-2.56,8.40,-3.57,-0.12,-0.28,-0.51,-5.22
-1.99,8.83,-3.43,-0.12,-0.26,-0.68,-5.22
-2.19,8.66,-3.65,-0.12,-0.29,-0.85,-5.22
-4.14,8.42,-3.28,-0.14,-0.35,-0.93,-5.22
-3.29,8.63,-3.17,-0.14,-0.50,-0.92,-5.22
-3.07,7.90,-3.70,-0.17,-0.42,-1.04,-5.22
-4.41,8.30,-3.64,-0.19,-0.47,-1.10,-5.25
-4.20,8.61,-3.41,-0.23,-0.59,-1.12,-5.25
-2.88,9.57,-3.68,-0.28,-0.72,-1.26,-4.98
-3.98,8.11,-3.22,-0.31,-0.65,-1.49,-4.98
-4.74,10.29,-2.69,-0.34,-0.83,-1.48,-4.98
-4.64,7.22,-2.16,-0.35,-0.61,-1.66,-5.05
-6.08,8.99,-3.18,-0.36,-0.76,-1.57,-5.05
-6.10,7.14,-2.56,-0.37,-0.84,-1.70,-5.05
-6.67,10.35,-3.43,-0.42,-1.17,-1.65,-5.05
-5.00,12.01,-2.82,-0.46,-1.26,-1.91,-5.05
-4.76,15.14,-3.62,-0.55,-1.42,-2.06,-5.08
-4.62,12.98,-3.84,-0.73,-1.11,-2.18,-5.08
-5.73,8.53,-3.15,-0.86,-0.82,-1.99,-5.36
-5.11,5.86,-2.49,-0.85,-0.73,-1.80,-5.36
-6.31,2.59,-0.88,-0.79,-0.35,-1.80,-5.36
-9.01,2.32,-0.96,-0.77,-0.05,-1.73,-5.36
-9.35,1.65,-2.06,-0.84,0.23,-1.47,-5.36
-10.25,0.67,-2.95,-0.97,0.52,-1.21,-5.36
-8.84,0.85,-2.42,-1.08,0.46,-0.81,-5.36
-7.28,0.82,-1.01,-1.03,0.33,-0.43,-5.36
-5.53,1.68,-0.14,-0.91,0.06,0.39,-5.41
-2.20,2.63,0.70,-0.78,-0.27,1.16,-5.41
-0.15,2.64,0.69,-0.46,0.11,1.74,-5.23
-0.45,4.42,-0.59,-0.15,0.71,1.98,-5.23
-2.72,5.05,-0.37,0.09,0.88,2.22,-5.23
-4.76,5.82,-0.23,0.20,0.88,2.49,-5.06
-6.50,6.43,-0.91,0.33,0.91,2.71,-5.06
-5.59,6.88,-1.30,0.40,0.95,3.02,-5.06
-5.33,7.20,-1.55,0.48,0.82,3.09,-5.06
-5.34,7.58,-1.40,0.55,0.60,3.22,-5.06
-5.56,8.13,-1.13,0.64,0.32,3.33,-5.35
-6.78,8.27,-1.17,0.76,0.16,3.35,-5.35
-7.41,8.42,-2.02,0.83,0.39,3.30,-5.28
-4.95,9.95,-2.12,0.74,0.67,3.30,-5.28
-3.84,11.34,-2.45,0.61,0.96,3.02,-5.28
-4.86,11.13,-2.56,0.48,1.01,2.82,-5.05
-4.55,10.61,-2.48,0.38,0.76,2.63,-5.05
-3.60,10.62,-2.54,0.32,0.59,2.37,-4.84
-3.11,10.51,-2.43,0.30,0.60,2.20,-4.84
-2.49,10.34,-2.53,0.31,0.75,2.08,-4.84
-1.68,10.66,-2.70,0.32,0.86,1.95,-4.84
-0.71,10.36,-3.07,0.25,0.89,1.83,-4.84
-0.13,10.67,-2.86,0.21,0.84,1.53,-5.02
-0.07,10.69,-3.17,0.14,0.83,1.30,-5.02
0.13,9.90,-3.27,0.08,0.84,1.04,-5.02
0.61,9.65,-2.98,0.14,0.90,0.78,-4.87
0.51,9.79,-2.74,0.18,0.86,0.53,-4.87
0.21,9.06,-2.17,0.19,0.65,0.36,-5.07
0.24,8.73,-2.10,0.23,0.35,0.26,-5.07
0.94,8.62,-2.37,0.19,0.07,0.17,-5.07
1.42,8.34,-1.84,0.18,-0.11,0.00,-5.07
1.17,8.03,-1.70,0.19,-0.33,-0.07,-5.07
0.86,7.69,-1.37,0.19,-0.63,-0.06,-5.07
1.39,7.47,-1.42,0.12,-0.73,-0.03,-5.07
2.02,7.14,-1.68,0.15,-0.62,-0.08,-5.07
1.57,7.35,-2.49,0.13,-0.47,-0.16,-5.11
0.72,7.35,-2.53,0.07,-0.43,-0.21,-5.11
-0.12,8.09,-3.38,0.04,-0.62,-0.23,-4.51
-0.52,7.74,-3.41,0.02,-0.78,-0.13,-4.51
-1.37,7.63,-3.76,0.07,-1.07,-0.12,-4.51
-3.09,7.64,-4.00,0.23,-1.50,-0.13,-4.51
-2.98,7.37,-3.96,0.33,-1.95,-0.19,-4.51
-4.86,3.57,-3.20,0.94,-2.46,-0.52,-4.84
-4.12,11.53,-2.88,-0.12,-2.41,-0.86,-4.84
-9.59,17.58,-12.55,0.07,-2.01,-3.02,-4.84
19.61,14.75,-1.53,-0.19,-1.26,-0.46,-5.08
16.68,4.84,-6.46,0.21,0.94,-2.52,-5.08
-2.19,11.61,-7.51,-0.25,2.70,-2.57,-4.93
-4.82,10.66,-8.45,0.06,1.49,-1.80,-4.93
3.88,11.60,-10.82,0.11,1.57,-1.17,-4.93
-1.29,19.61,-1.37,-0.20,1.75,-1.74,-4.93
-7.18,11.09,1.25,0.03,-0.05,-1.53,-4.93
-3.82,6.70,-6.67,-0.16,-0.06,-1.01,-4.63
-6.16,7.64,-4.77,-0.17,-0.55,-0.61,-4.63
-2.04,7.93,-2.89,-0.08,-0.38,-0.28,-4.63
-2.96,8.64,-4.12,-0.04,0.25,-0.25,-4.71
-4.48,9.13,-3.96,-0.03,0.16,0.05,-4.71
-1.13,8.99,-2.87,0.01,0.07,0.10,-4.89
-1.87,8.89,-3.68,0.01,0.07,0.03,-4.89
-1.60,8.26,-4.69,-0.05,-0.02,0.03,-4.89
-0.84,8.59,-3.81,-0.08,0.01,-0.06,-4.89
0.13,8.59,-3.53,-0.08,0.19,-0.26,-4.89
-1.74,8.60,-3.32,-0.07,0.25,-0.37,-5.22
-2.76,8.78,-3.24,-0.06,0.16,-0.34,-5.22
-1.64,9.04,-3.31,-0.06,0.04,-0.32,-5.22
-1.41,8.98,-3.62,-0.05,0.11,-0.43,-4.95
-2.92,9.12,-3.37,-0.05,0.01,-0.42,-4.95
-1.36,8.81,-3.99,-0.05,-0.14,-0.42,-5.04
-1.36,8.77,-3.64,-0.07,-0.16,-0.54,-5.04
-0.44,8.57,-3.19,-0.01,-0.26,-0.71,-5.04
-2.11,8.86,-3.77,0.00,-0.26,-0.91,-4.29
-2.59,8.67,-3.27,-0.00,-0.38,-0.99,-4.29
-2.32,8.62,-2.71,0.01,-0.62,-1.06,-4.29
-2.71,7.87,-4.56,-0.01,-0.47,-1.13,-4.29
-4.05,8.02,-3.25,-0.05,-0.48,-1.08,-4.29
-3.51,8.15,-2.82,-0.03,-0.59,-1.13,-4.64
-4.67,8.23,-2.17,0.01,-0.72,-1.17,-4.64
-4.50,8.98,-2.79,0.04,-0.93,-1.16,-4.76
-2.88,7.78,-4.82,0.00,-0.87,-1.15,-4.76
-3.90,7.86,-4.64,-0.03,-0.82,-1.23,-4.76
-4.92,7.98,-3.97,-0.07,-0.85,-1.30,-4.29
-3.11,11.15,-2.89,-0.13,-1.02,-1.45,-4.29
-5.30,6.84,-2.29,-0.23,-0.72,-1.62,-4.29
-5.88,7.09,-3.03,-0.25,-0.57,-1.53,-4.29
-4.47,7.93,-3.52,-0.28,-0.63,-1.66,-4.29
-6.55,8.02,-3.37,-0.34,-0.81,-1.67,-4.96
-6.89,6.58,-1.88,-0.37,-0.96,-1.65,-4.96
-8.90,8.98,-1.38,-0.32,-1.27,-1.56,-4.94
-6.77,12.87,-2.16,-0.38,-1.60,-1.69,-4.94
-4.79,16.45,-3.14,-0.52,-1.74,-1.89,-4.94
-5.21,13.44,-1.84,-0.78,-1.53,-1.99,-5.30
-5.41,10.66,-2.49,-0.91,-1.29,-1.83,-5.30
-3.89,8.34,-3.38,-0.93,-1.13,-1.72,-5.30
-4.10,4.60,-3.02,-0.88,-0.64,-1.66,-5.30
-7.11,2.33,-1.76,-0.85,-0.18,-1.63,-5.30
-9.88,1.36,-0.77,-0.97,0.37,-1.67,-4.89
-11.72,-0.67,-0.31,-1.07,0.74,-1.53,-4.89
-11.06,0.30,-1.82,-1.18,0.83,-1.00,-4.77
-6.20,1.04,-1.71,-1.15,0.58,-0.18,-4.77
-1.29,-0.22,-0.34,-0.97,-0.11,0.79,-4.77
-0.41,0.31,0.67,-0.72,-0.50,1.64,-4.58
-1.27,2.27,-0.46,-0.28,-0.17,2.36,-4.58
-1.72,2.80,-0.31,0.08,-0.06,2.93,-4.58
-2.98,3.65,-0.74,0.42,0.11,3.30,-4.58
-3.99,5.65,-0.88,0.73,0.16,3.57,-4.58
-5.22,6.69,-0.77,0.97,0.05,3.72,-4.59
-6.68,7.90,-1.22,1.12,-0.17,3.97,-4.59
-5.80,8.20,-1.12,1.21,-0.54,4.24,-4.99
-3.26,8.67,-0.92,1.32,-0.61,4.20,-4.99
-1.99,9.46,-0.68,1.48,-0.04,3.85,-4.99
-3.23,10.32,-1.42,1.60,0.92,3.49,-5.27
-4.44,11.08,-1.34,1.48,1.54,3.29,-5.27
-4.70,12.27,-1.74,1.33,1.76,3.16,-5.27
-4.70,12.30,-2.72,1.05,1.81,3.09,-5.27
-3.50,12.82,-2.25,0.77,1.61,3.01,-5.27
-1.91,12.62,-2.58,0.61,1.46,2.91,-4.63
-1.58,12.33,-2.98,0.49,1.40,2.70,-4.63
-1.64,12.20,-3.21,0.40,1.35,2.46,-4.66
-0.97,12.16,-3.14,0.35,1.39,2.24,-4.66
-0.46,11.58,-3.04,0.29,1.43,1.98,-4.66
-0.27,10.88,-2.55,0.29,1.38,1.60,-4.88
-0.16,10.44,-2.46,0.24,1.16,1.30,-4.88
0.40,9.98,-2.57,0.17,0.85,0.90,-4.56
0.03,9.23,-2.46,0.12,0.65,0.46,-4.56
-0.41,8.77,-2.04,0.16,0.31,0.08,-4.56
-0.09,8.90,-1.97,0.20,-0.10,-0.22,-4.56
1.29,8.78,-1.70,0.18,-0.34,-0.42,-4.56
2.28,8.64,-1.77,0.11,-0.32,-0.56,-4.82
2.77,8.35,-1.60,0.05,-0.10,-0.67,-4.82
1.91,8.21,-1.63,0.06,0.13,-0.73,-4.82
0.91,8.26,-1.81,0.08,0.14,-0.69,-4.62
1.11,8.24,-1.74,0.08,0.07,-0.56,-4.62
2.03,8.15,-2.10,0.08,0.01,-0.45,-4.83
1.93,7.70,-1.93,0.07,0.08,-0.42,-4.83
1.45,7.52,-2.24,0.08,0.07,-0.44,-4.83
0.86,7.73,-1.92,0.12,-0.05,-0.42,-4.83
0.27,7.73,-1.72,0.14,-0.23,-0.41,-4.83
0.80,6.92,-2.09,0.16,-0.37,-0.39,-4.57
1.42,6.59,-1.65,0.18,-0.43,-0.40,-4.57
1.19,7.01,-1.58,0.11,-0.46,-0.45,-4.57
1.23,6.46,-1.99,0.06,-0.47,-0.46,-4.26
1.71,6.36,-2.22,0.01,-0.65,-0.43,-4.26
0.90,7.20,-1.20,-0.10,-0.79,-0.53,-4.33
-11.98,-0.55,-4.21,0.88,-1.61,-1.84,-4.33
-15.64,10.17,-10.56,0.09,0.03,-3.04,-4.33
12.87,19.61,-10.25,0.12,-1.23,-2.24,-4.33
19.61,0.13,-11.76,0.16,0.41,-1.89,-4.33
2.04,13.48,-11.89,-0.18,2.19,-2.66,-4.43
-6.15,13.63,-8.56,0.17,1.59,-1.96,-4.43
8.64,19.61,0.29,-0.13,1.29,-1.96,-4.43
-9.55,7.00,1.05,0.24,0.57,-2.58,-4.24
-10.80,6.58,-4.31,0.16,-0.25,-1.20,-4.24
-7.30,7.68,-4.82,0.12,-0.66,-0.40,-4.70
-4.97,8.21,-3.88,0.07,-0.13,0.15,-4.70
-3.69,9.86,-4.32,0.09,0.08,0.43,-4.70
-2.72,9.78,-4.18,0.09,0.00,0.57,-4.70
-1.45,9.71,-2.40,0.14,0.15,0.58,-4.70
-1.98,8.18,-2.92,0.17,0.07,0.52,-4.41
-2.12,8.69,-4.57,0.17,-0.21,0.58,-4.41
0.03,8.55,-4.80,0.08,-0.18,0.57,-4.41
1.25,8.26,-3.95,0.05,0.11,0.34,-4.39
-0.35,8.53,-3.18,0.05,0.22,0.15,-4.39
-0.52,8.64,-3.76,0.06,0.09,0.08,-4.40
-1.17,9.21,-3.66,0.05,-0.03,-0.01,-4.40
-0.74,9.07,-3.90,0.03,-0.16,-0.02,-4.40
-0.49,9.02,-3.74,0.02,-0.12,-0.10,-4.40
-1.12,9.17,-3.66,0.02,-0.09,-0.14,-4.40
-1.93,8.84,-3.68,0.01,-0.09,-0.13,-4.09
-1.70,8.86,-3.78,0.01,-0.18,-0.07,-4.09
-1.30,9.32,-3.74,-0.01,-0.21,-0.08,-4.09
-0.70,9.28,-3.82,-0.03,-0.22,-0.12,-4.07
-1.38,9.14,-3.84,-0.06,-0.14,-0.16,-4.07
-1.78,8.97,-3.65,-0.09,-0.22,-0.14,-4.19
-1.36,9.00,-3.92,-0.12,-0.25,-0.15,-4.19
-1.00,9.14,-4.24,-0.12,-0.25,-0.18,-4.19
-2.20,9.27,-4.09,-0.16,-0.16,-0.13,-4.73