-0.25,9.41,-1.90,0.11,-0.04,0.26,-5.51
-0.04,9.37,-2.01,0.09,0.12,0.15,-5.51
-0.36,9.41,-1.99,0.07,0.24,0.07,-5.51
-0.70,9.35,-2.17,0.03,0.30,0.03,-5.61
-0.66,9.32,-2.33,0.02,0.31,-0.01,-5.61
-0.40,9.27,-2.50,0.04,0.26,-0.03,-5.61
-0.49,9.22,-2.97,0.06,0.19,-0.06,-5.59
-0.62,9.17,-2.75,0.10,0.06,-0.09,-5.59
-0.92,9.15,-2.67,0.13,-0.19,-0.05,-5.63
0.06,9.24,-2.59,0.14,-0.30,-0.03,-5.63
0.56,9.11,-2.60,0.17,-0.24,-0.04,-5.63
0.39,9.09,-2.61,0.19,-0.18,-0.03,-5.63
0.42,9.01,-2.68,0.20,-0.14,-0.02,-5.63
0.50,9.14,-2.73,0.21,-0.04,-0.01,-5.88
0.37,8.89,-2.70,0.21,0.01,-0.00,-5.88
-0.02,9.11,-2.69,0.21,-0.01,0.01,-5.88
0.07,9.15,-2.89,0.18,-0.02,0.02,-5.79
0.17,9.04,-2.86,0.18,0.04,0.01,-5.79
-0.25,9.05,-2.54,0.21,0.13,-0.03,-5.74
-0.42,9.30,-2.64,0.22,0.23,-0.02,-5.74
-0.58,9.65,-2.06,0.10,0.26,-0.24,-5.74
0.71,8.61,-2.12,0.19,0.44,-0.26,-5.74
-0.09,12.03,-2.77,0.23,0.32,-0.48,-5.74
0.15,9.52,-2.42,0.27,0.12,-0.35,-5.79
-1.05,10.07,-2.54,0.10,0.13,-0.53,-5.79
-1.33,9.33,-2.36,0.22,-0.11,-0.43,-5.79
0.73,8.83,-2.87,0.27,-0.09,-0.43,-5.74
0.62,8.60,-3.53,0.33,0.10,-0.52,-5.74
-1.32,9.45,-3.34,0.33,-0.00,-0.52,-5.74
-2.63,9.58,-3.25,0.31,-0.27,-0.37,-5.74
-0.74,9.47,-3.32,0.31,-0.33,-0.25,-5.74
-0.80,9.67,-2.90,0.28,-0.29,-0.31,-5.74
-0.68,9.06,-3.82,0.31,-0.39,-0.30,-5.74
-0.62,9.15,-5.04,0.23,-0.27,-0.29,-6.08
-1.09,9.43,-4.22,0.16,-0.28,-0.30,-6.08
-0.74,9.04,-4.33,0.11,-0.41,-0.28,-6.08
-0.36,8.90,-4.58,0.07,-0.33,-0.29,-5.76
-0.97,8.93,-4.04,0.03,-0.27,-0.29,-5.76
-0.45,8.82,-4.08,0.03,-0.20,-0.30,-5.87
-0.58,9.02,-3.54,0.01,-0.11,-0.38,-5.87
-0.47,8.67,-3.88,0.02,-0.12,-0.45,-5.87
0.07,8.60,-4.35,0.02,0.01,-0.53,-5.87
-1.97,9.32,-3.08,-0.05,-0.04,-0.61,-5.87
-0.76,8.95,-3.34,-0.04,-0.31,-0.65,-5.87
-0.43,8.83,-3.71,-0.04,-0.39,-0.78,-5.87
-0.51,8.66,-3.21,-0.01,-0.51,-0.94,-5.87
0.15,8.93,-3.87,-0.01,-0.54,-1.08,-5.83
-0.84,8.03,-4.37,-0.00,-0.22,-1.27,-5.83
-2.82,9.05,-3.11,-0.02,-0.40,-1.38,-5.73
-1.92,9.37,-2.95,-0.01,-0.73,-1.45,-5.73
-2.06,9.17,-3.59,-0.01,-0.75,-1.60,-5.73
-2.66,7.91,-4.20,-0.02,-0.65,-1.67,-5.68
-5.57,8.38,-3.80,-0.03,-0.64,-1.63,-5.68
-2.34,6.18,-4.22,-0.04,-0.63,-1.68,-5.68
-7.39,7.68,-2.99,-0.12,-0.62,-1.66,-5.68
-3.34,8.47,-2.37,-0.21,-0.75,-1.49,-5.68
-5.70,8.92,-4.06,-0.24,-0.65,-1.58,-5.47
-2.21,8.53,-3.30,-0.30,-0.75,-1.66,-5.47
-10.27,6.05,-1.51,-0.27,-0.60,-1.60,-5.60
-4.13,11.57,-3.23,-0.35,-0.89,-1.46,-5.60
-5.67,10.72,-2.75,-0.33,-0.82,-1.79,-5.60
-4.92,12.62,-3.17,-0.39,-1.17,-1.85,-5.71
-6.27,9.45,-1.87,-0.37,-1.14,-2.01,-5.71
-4.90,13.98,-3.87,-0.47,-1.42,-2.00,-5.71
-2.17,11.98,-4.72,-0.64,-1.03,-2.13,-5.71
-5.80,9.35,-4.44,-0.75,-0.62,-2.05,-5.71
-5.34,6.94,-4.24,-0.74,-0.55,-1.82,-5.55
-6.86,3.06,-3.93,-0.57,-0.28,-1.72,-5.55
-7.36,3.02,-4.54,-0.37,-0.21,-1.37,-5.74
-5.16,2.71,-3.92,-0.37,-0.23,-0.87,-5.74
-1.61,1.46,-2.06,-0.51,0.39,-0.40,-5.74
-1.92,0.27,0.02,-0.76,0.80,0.48,-5.89
-1.72,0.37,1.39,-0.80,0.89,1.50,-5.89
0.72,4.67,-1.26,-0.54,1.76,2.44,-5.89
-2.93,3.49,-1.64,-0.13,1.49,2.69,-5.89
-6.90,5.02,-1.62,0.13,0.89,3.15,-5.89
-7.04,6.57,-0.49,0.29,0.26,3.66,-5.94
-4.97,6.71,-0.03,0.41,-0.19,4.05,-5.94
-3.79,7.43,0.11,0.60,-0.22,4.02,-5.67
-4.15,7.96,-0.34,0.78,0.04,3.94,-5.67
-4.51,8.48,-1.05,0.88,0.42,3.79,-5.67
-4.48,9.26,-1.46,0.82,0.86,3.51,-5.59
-5.28,10.04,-1.67,0.68,1.38,3.33,-5.59
-6.46,10.05,-2.23,0.64,1.51,3.17,-5.59
-7.31,9.19,-2.97,0.63,1.10,3.04,-5.59
-7.62,9.22,-2.81,0.53,0.35,2.86,-5.59
-5.66,9.90,-2.41,0.51,-0.19,2.76,-5.45
-3.28,10.53,-2.28,0.42,-0.31,2.54,-5.45
-1.98,10.40,-2.43,0.22,-0.23,2.07,-5.63
-2.44,9.70,-2.25,0.16,0.04,1.59,-5.63
-3.48,9.96,-1.80,0.23,0.22,1.19,-5.63
-2.21,10.05,-1.86,0.21,0.11,0.93,-5.52
0.26,9.11,-1.43,0.01,0.04,0.70,-5.52
0.41,9.65,-1.59,0.01,0.09,0.44,-5.51
-0.62,10.02,-1.81,0.01,0.08,0.33,-5.51
-0.68,9.63,-2.46,-0.04,-0.25,0.27,-5.51
0.60,8.28,-2.14,-0.11,-0.42,-0.05,-5.51
-0.30,8.37,-1.86,-0.10,-0.36,-0.36,-5.51
-1.10,9.56,-1.93,-0.11,-0.85,-0.37,-5.43
0.49,9.43,-1.60,-0.22,-1.33,-0.29,-5.43
-5.41,2.90,-7.13,0.39,-1.71,-1.24,-5.43
-5.43,12.06,-4.83,-0.30,-0.31,-2.41,-5.36
9.36,17.39,-12.40,0.37,-0.92,-2.17,-5.36
13.58,4.73,-9.67,0.32,-0.20,-1.79,-5.43
-1.00,12.33,-6.92,-0.11,0.70,-2.12,-5.43
-1.50,7.21,-2.28,0.05,0.49,-1.51,-5.43
17.30,19.61,-9.00,-0.14,1.21,-1.77,-5.43
-8.33,5.98,-0.95,0.28,0.86,-2.99,-5.43
-11.00,4.54,-4.49,0.01,-0.01,-1.47,-5.28
-4.98,9.14,-3.04,-0.02,-0.97,-0.84,-5.28
-4.87,8.07,-3.18,0.01,-0.26,-0.46,-5.28
-6.20,10.27,-2.97,0.01,0.01,-0.03,-5.35
-2.73,9.25,-3.59,0.07,-0.56,0.17,-5.35
-1.10,9.67,-3.78,0.05,-0.58,0.12,-5.25
0.12,8.80,-3.03,0.06,-0.52,-0.03,-5.25
-0.62,7.92,-4.58,0.04,-0.47,-0.17,-5.25
-1.90,8.36,-4.35,-0.05,-0.32,-0.20,-5.25
-0.52,8.71,-4.06,-0.08,-0.38,-0.30,-5.25
0.79,8.72,-4.35,-0.14,-0.14,-0.53,-5.42
-0.62,8.29,-3.38,-0.17,0.05,-0.75,-5.42
-1.16,8.33,-3.50,-0.13,0.08,-0.91,-5.42
-1.92,8.66,-3.25,-0.13,0.17,-1.06,-5.39
-3.08,8.86,-2.77,-0.13,0.05,-1.19,-5.39
-1.88,9.13,-2.93,-0.15,-0.26,-1.30,-5.45
-1.96,7.82,-3.06,-0.13,-0.25,-1.49,-5.45
-4.42,8.60,-2.97,-0.15,-0.37,-1.50,-5.45
-4.81,7.73,-2.83,-0.17,-0.49,-1.44,-5.45
-4.68,8.20,-3.14,-0.21,-0.64,-1.34,-5.45
-4.08,8.64,-3.40,-0.21,-0.69,-1.48,-5.41
-2.72,8.52,-3.60,-0.28,-0.82,-1.56,-5.41
-7.76,6.30,-3.07,-0.33,-0.64,-1.66,-5.41
-4.07,9.08,-3.13,-0.41,-0.82,-1.46,-5.40
-5.13,10.24,-3.14,-0.44,-0.81,-1.71,-5.40
-5.01,8.32,-2.26,-0.48,-0.82,-1.83,-5.45
-7.23,8.69,-1.55,-0.52,-0.96,-1.76,-5.45
-5.52,11.48,-2.09,-0.57,-1.15,-1.88,-5.45
-6.93,11.03,-1.85,-0.63,-1.27,-2.05,-5.40
-7.07,11.25,-1.47,-0.73,-1.48,-2.05,-5.40
-5.44,12.02,-2.70,-0.91,-1.25,-2.09,-5.36
-3.57,13.43,-4.38,-1.07,-1.23,-2.10,-5.36
-4.41,9.92,-3.62,-1.15,-0.75,-2.14,-5.36
-5.40,8.00,-3.58,-1.23,-0.49,-2.01,-5.58
-6.10,6.03,-4.34,-1.40,0.23,-1.94,-5.58
-11.56,2.92,-4.59,-1.71,1.35,-2.04,-5.26
-14.59,0.55,-1.62,-1.84,1.08,-1.68,-5.26
-10.97,1.68,-2.41,-1.63,0.74,-1.06,-5.26
2.08,-1.36,0.77,-1.24,0.39,0.37,-5.28
-1.14,-0.06,-2.43,-0.46,0.65,0.85,-5.28
-2.45,0.01,-0.39,0.16,0.38,1.52,-5.28
-3.99,2.43,-0.75,0.53,0.03,2.25,-5.28
-1.75,3.45,0.63,0.78,-0.02,2.83,-5.28
-2.96,3.59,1.00,1.02,0.26,3.13,-5.30
-2.86,4.87,-0.06,1.15,0.48,3.46,-5.30
-2.68,5.45,-0.49,1.28,0.65,3.56,-5.46
-4.00,6.77,-0.65,1.35,0.57,3.68,-5.46
-4.98,7.33,0.01,1.29,0.26,3.79,-5.46
-5.77,7.16,0.39,1.31,0.23,3.78,-5.48
-6.88,6.59,0.94,1.23,0.30,3.82,-5.48
-6.90,7.87,-0.42,1.37,0.28,3.67,-5.48
-5.73,9.36,-1.73,1.29,0.36,3.75,-5.48
-3.50,10.93,-1.40,1.17,0.38,3.49,-5.48
-3.62,11.37,-0.80,0.83,0.50,3.30,-5.37
-3.86,11.59,-0.21,0.62,0.54,3.04,-5.37
-5.87,11.70,-2.74,0.49,0.52,2.72,-5.45
-5.25,9.55,-2.32,0.33,0.44,2.34,-5.45
-3.14,10.11,-1.92,0.36,0.69,1.87,-5.45
-1.29,10.44,-1.48,0.33,0.94,1.52,-5.31
-0.78,10.18,-0.89,0.19,0.88,1.26,-5.31
-2.68,9.94,-1.20,-0.00,0.57,0.99,-5.31
-4.16,9.21,-1.53,-0.02,0.17,0.77,-5.31
-4.01,9.02,-2.88,0.03,-0.31,0.51,-5.31
-0.93,9.75,-2.09,-0.03,-0.62,0.36,-5.23
1.15,9.65,-1.08,-0.13,-0.59,0.10,-5.23
-1.37,9.27,-1.52,-0.15,-0.53,-0.34,-5.04
-3.74,9.67,-1.64,-0.14,-0.79,-0.43,-5.04
-2.62,5.83,-0.84,-0.18,-0.97,-0.54,-5.04
-6.59,9.37,-8.13,-0.14,-0.88,-1.71,-5.33
-5.44,16.24,-7.55,0.03,-0.38,-2.89,-5.33
15.54,13.95,-6.37,0.24,-0.85,-0.80,-5.33
6.02,5.43,-7.14,0.29,-0.38,-2.17,-5.33
0.81,11.40,-3.45,-0.05,0.70,-1.76,-5.33
4.96,13.16,-7.83,0.19,0.83,-1.79,-5.36
3.58,19.61,-6.08,-0.06,1.43,-1.75,-5.36
-4.75,15.10,0.14,-0.01,0.40,-2.21,-4.82
-4.96,7.25,-2.40,0.02,-0.35,-1.57,-4.82
-6.05,7.26,-3.42,0.10,-0.38,-1.32,-4.82
-10.58,6.01,-1.90,0.16,-0.45,-0.55,-5.06
-6.02,7.77,-3.29,0.19,-0.54,0.12,-5.06
-1.95,9.90,-3.81,0.09,-0.40,0.29,-5.15
0.03,10.35,-4.24,0.02,-0.38,0.06,-5.15
-0.17,8.68,-3.82,-0.01,-0.20,-0.19,-5.15
-1.02,8.55,-4.33,-0.04,-0.16,-0.34,-5.15
-1.52,8.40,-4.48,-0.08,-0.17,-0.41,-5.15
-1.79,8.74,-3.90,-0.11,-0.21,-0.46,-4.74
-0.84,8.55,-3.57,-0.13,-0.13,-0.56,-4.74
-1.29,8.60,-3.72,-0.12,0.00,-0.72,-4.74
-2.95,8.79,-3.37,-0.15,-0.07,-0.83,-5.17
-2.72,8.82,-3.08,-0.18,-0.22,-0.88,-5.17
-2.47,8.79,-2.93,-0.19,-0.21,-0.98,-5.11
-2.66,8.66,-2.96,-0.19,-0.24,-1.11,-5.11
-3.58,9.25,-3.15,-0.18,-0.44,-1.15,-5.11
-3.06,8.00,-3.33,-0.19,-0.54,-1.22,-5.11
-4.85,8.40,-2.92,-0.22,-0.61,-1.21,-5.11
-2.03,8.57,-3.06,-0.25,-0.76,-1.35,-4.92
-4.58,8.70,-3.30,-0.28,-0.77,-1.50,-4.92
-4.17,7.99,-3.10,-0.36,-0.86,-1.56,-4.92
-6.17,7.21,-1.86,-0.44,-0.76,-1.56,-4.72
-2.31,8.83,-2.64,-0.57,-0.73,-1.58,-4.72
-7.73,6.20,-1.82,-0.57,-0.61,-1.73,-4.85
-6.25,10.43,-2.52,-0.63,-0.96,-1.55,-4.85
-6.30,12.36,-2.47,-0.59,-1.10,-1.81,-4.85
-6.01,19.61,-3.45,-0.67,-1.68,-2.10,-4.85
-0.56,17.12,-3.47,-1.00,-1.33,-2.54,-4.85
-5.36,14.98,-4.24,-1.15,-1.12,-2.45,-5.10
-0.44,8.61,-5.19,-1.12,-0.74,-2.36,-5.10
-4.38,3.16,-3.97,-1.00,-0.06,-2.29,-5.10
-9.11,0.05,-2.38,-0.88,0.34,-2.30,-4.95
-10.67,1.44,-4.56,-0.86,0.70,-1.77,-4.95
-3.13,-1.25,-1.60,-1.18,0.30,-0.48,-5.10
0.78,-1.58,-1.41,-1.18,0.18,0.50,-5.10
0.02,-0.99,-0.99,-0.85,0.55,1.26,-5.10
-1.90,1.82,-0.68,-0.48,0.98,2.16,-5.10
-4.14,2.80,-0.19,-0.13,0.64,2.68,-5.10
-4.61,3.98,-0.44,0.22,0.46,3.24,-5.08
-3.81,5.29,0.03,0.56,0.43,3.43,-5.08
-5.03,6.63,-0.06,0.84,0.47,3.50,-5.08
-4.77,7.79,0.06,0.96,0.45,3.74,-5.14
-4.79,9.17,-0.20,1.09,0.33,3.81,-5.14
-6.20,8.91,-0.85,1.05,0.44,3.87,-5.03
-4.59,8.93,-1.32,1.13,0.91,3.62,-5.03
-4.08,10.73,-1.24,1.12,1.46,3.55,-5.03
-5.22,11.12,-0.68,1.09,1.33,3.40,-5.03
-5.90,11.79,-0.50,0.99,0.73,3.43,-5.03
-4.70,11.55,-1.24,0.79,0.31,3.38,-4.92
-2.65,11.54,-1.30,0.68,0.32,3.09,-4.92
-4.18,11.83,-3.24,0.65,0.51,2.58,-4.92
-4.81,11.18,-2.65,0.53,0.52,2.35,-4.98
-2.79,9.93,-1.17,0.41,0.44,2.03,-4.98
-1.75,9.44,-1.55,0.36,0.38,1.67,-4.91
-2.44,8.88,-1.97,0.24,0.14,1.34,-4.91
-3.14,7.61,-1.81,0.08,-0.22,0.93,-4.91
-2.90,5.91,-1.87,0.19,-0.43,0.41,-4.92
-0.80,6.51,-1.92,0.20,-0.45,0.10,-4.92
0.87,7.81,-1.61,0.12,-0.24,-0.18,-4.92
-0.87,7.46,-1.65,0.04,-0.13,-0.43,-4.92
-2.46,8.04,-2.08,0.01,-0.45,-0.60,-4.92
-3.24,8.03,-2.07,-0.09,-0.70,-0.88,-4.90
-5.84,3.95,1.01,0.15,-0.84,-1.34,-4.90
-14.28,10.01,-7.15,-0.29,-0.57,-3.12,-4.86
7.82,19.61,-1.35,0.07,-1.89,-1.79,-4.86
19.61,8.55,-7.74,0.50,-0.53,-2.10,-4.86
3.26,9.78,-4.01,-0.14,1.77,-2.74,-4.99
-5.12,12.02,-5.56,0.01,1.45,-2.39,-4.99
10.65,19.61,-8.02,-0.15,0.80,-2.17,-4.99
-7.04,8.56,0.82,-0.01,0.52,-3.33,-4.99
-12.44,3.94,-4.22,-0.14,0.25,-2.04,-4.99
-10.00,7.56,-2.45,-0.09,-0.61,-1.10,-4.77
-5.12,6.78,-3.71,-0.07,-0.11,-0.46,-4.77
-5.18,10.68,-3.41,-0.10,0.27,-0.07,-4.82
-2.27,9.87,-2.98,-0.08,-0.06,0.01,-4.82
-2.07,9.10,-3.29,-0.09,-0.03,-0.09,-4.82
-2.25,8.54,-3.31,-0.10,0.03,-0.17,-4.70
-2.72,8.56,-3.42,-0.09,-0.12,-0.19,-4.70
-1.82,8.57,-4.43,-0.15,-0.12,-0.24,-4.70
-1.25,8.59,-3.73,-0.18,-0.13,-0.39,-4.70
-1.80,8.30,-3.36,-0.19,-0.05,-0.57,-4.70
-2.25,8.84,-2.56,-0.17,-0.09,-0.71,-4.74
-2.16,8.54,-2.60,-0.11,-0.26,-0.86,-4.74
-3.63,8.13,-2.91,-0.09,-0.37,-0.93,-4.58
-3.63,8.46,-2.64,-0.11,-0.54,-0.93,-4.58
-1.76,8.65,-2.97,-0.12,-0.69,-1.08,-4.58
-3.95,8.34,-3.20,-0.15,-0.65,-1.27,-4.62
-3.70,8.91,-3.00,-0.16,-0.81,-1.32,-4.62
-4.07,9.15,-2.85,-0.19,-0.92,-1.47,-4.62
-4.04,8.35,-2.76,-0.25,-1.02,-1.49,-4.62
-7.25,7.11,-2.27,-0.29,-0.99,-1.48,-4.62
-5.02,9.65,-2.33,-0.35,-1.17,-1.37,-4.68
-4.37,10.04,-2.99,-0.35,-1.06,-1.60,-4.68
-4.60,12.66,-3.32,-0.40,-1.37,-1.83,-4.67
-4.66,14.46,-3.45,-0.48,-1.73,-2.16,-4.67
-6.46,17.48,-2.77,-0.52,-2.15,-2.48,-4.67
2.08,16.97,-4.41,-0.86,-2.03,-2.71,-4.75
-3.94,12.74,-4.15,-1.03,-1.13,-2.72,-4.75
-1.87,6.73,-5.14,-1.16,-0.58,-2.41,-4.75
-4.28,1.67,-4.26,-1.10,0.25,-2.37,-4.75
-12.07,-0.11,-1.91,-1.01,0.59,-2.48,-4.75
-14.14,0.96,-2.89,-0.94,0.21,-2.03,-4.83
-7.22,0.23,-2.01,-1.09,-0.31,-1.16,-4.83
4.45,-1.55,-1.06,-1.12,0.14,0.12,-4.69
1.97,-2.18,-1.24,-0.85,1.01,0.36,-4.69
-2.72,2.50,-1.83,-0.50,1.58,1.40,-4.69
-6.11,2.63,-0.27,-0.21,0.76,2.21,-4.59
-5.03,3.33,-0.44,0.11,0.12,3.16,-4.59
-3.91,3.60,0.11,0.63,-0.24,3.69,-4.86
-3.45,4.36,0.57,1.04,-0.37,3.94,-4.86
-3.17,5.76,0.53,1.36,-0.32,4.06,-4.86
-4.13,7.00,0.40,1.63,-0.34,4.22,-4.86
-4.29,8.39,0.69,1.79,-0.58,4.37,-4.86
-2.99,9.10,1.46,1.75,-0.49,4.37,-4.68
-2.46,9.96,1.99,1.60,0.23,3.90,-4.68
-5.42,11.57,-0.02,1.50,1.43,3.41,-4.68
-5.26,11.54,-1.60,1.11,2.09,3.44,-4.77
-4.17,11.66,-0.58,0.77,2.08,3.18,-4.77
-5.88,10.54,-1.33,0.70,1.89,2.75,-4.60
-6.99,10.52,-1.75,0.60,1.41,2.54,-4.60
-6.25,11.33,-2.47,0.46,0.76,2.49,-4.60
-4.07,10.40,-3.14,0.33,0.45,2.21,-4.60
-2.66,9.71,-1.97,0.26,0.52,1.66,-4.60
-2.60,8.81,-1.37,0.28,0.45,1.06,-4.30
-3.08,8.11,-1.68,0.30,0.17,0.70,-4.30
-2.89,7.90,-1.48,0.23,-0.18,0.42,-4.30
-1.65,7.71,-1.74,0.18,-0.29,0.19,-4.38
-1.21,7.61,-2.27,0.15,-0.43,-0.16,-4.38
-1.43,7.69,-2.29,0.08,-0.51,-0.52,-4.23
-1.74,7.94,-1.05,0.08,-0.65,-0.76,-4.23
-14.69,3.22,-9.04,0.59,-1.35,-2.47,-4.23
-1.87,19.61,4.50,-0.07,-0.56,-2.38,-4.23
19.61,13.12,1.19,0.49,-0.22,-1.83,-4.23
2.14,8.01,-5.82,0.16,0.91,-2.46,-4.46
1.48,17.42,-14.76,0.32,1.67,-2.05,-4.46
11.51,19.61,2.44,-0.07,-0.53,-2.55,-4.46
-5.23,2.62,-4.51,-0.01,0.63,-3.04,-4.29
-11.56,6.88,-4.79,0.05,-0.04,-2.47,-4.29
-14.79,3.83,-2.23,0.17,-0.79,-1.00,-4.42
-6.05,7.92,-4.38,0.02,-0.14,0.01,-4.42
-3.29,11.67,-3.37,-0.00,-0.14,0.09,-4.42
-2.13,10.31,-3.15,0.02,-0.28,0.08,-4.42
-3.14,8.81,-2.87,0.06,-0.16,0.01,-4.42
-3.07,8.21,-3.06,0.09,-0.28,0.02,-4.42
-2.01,8.33,-4.37,0.08,-0.38,0.09,-4.42
-1.74,8.41,-4.81,0.02,-0.28,0.03,-4.42
-1.97,8.32,-4.26,-0.06,-0.22,0.00,-4.29
-0.33,8.68,-3.79,-0.10,-0.12,-0.16,-4.29
-1.30,8.68,-3.02,-0.08,0.01,-0.42,-4.16
-2.91,8.63,-3.00,-0.05,-0.10,-0.49,-4.16
-2.16,8.97,-3.26,-0.05,-0.28,-0.56,-4.16
-1.82,8.66,-3.42,-0.06,-0.37,-0.72,-4.16
-1.71,8.49,-3.59,-0.07,-0.40,-0.92,-4.16
-4.24,8.00,-3.54,-0.12,-0.40,-0.99,-4.06
-3.55,8.47,-3.15,-0.13,-0.51,-1.01,-4.06
-2.86,9.12,-3.10,-0.12,-0.66,-1.14,-4.06
-2.97,8.10,-3.62,-0.13,-0.71,-1.29,-4.35
-3.69,8.21,-3.36,-0.15,-0.84,-1.36,-4.35
-3.74,8.90,-3.43,-0.16,-0.92,-1.48,-4.26
-3.47,9.06,-3.38,-0.22,-0.90,-1.55,-4.26
-6.59,6.15,-2.90,-0.26,-0.64,-1.65,-4.26
-5.55,9.28,-3.55,-0.31,-0.94,-1.55,-4.24
-2.42,9.47,-2.84,-0.39,-0.97,-1.83,-4.24
-6.33,11.50,-2.94,-0.44,-1.14,-1.93,-4.24
-5.03,11.49,-2.71,-0.45,-1.28,-2.16,-4.24
-7.25,13.98,-2.49,-0.47,-1.67,-2.29,-4.24
-2.97,15.12,-2.86,-0.60,-1.93,-2.51,-4.27
-2.83,14.09,-3.52,-0.86,-1.38,-2.68,-4.27
-2.52,11.61,-4.93,-1.04,-1.14,-2.44,-4.35
-2.32,5.03,-4.65,-1.04,-0.36,-2.35,-4.35
-7.38,0.27,-2.85,-0.99,0.42,-2.32,-4.35
-12.36,-0.74,-2.09,-0.87,0.73,-2.36,-4.42
-13.36,-1.04,-3.72,-0.77,0.59,-1.95,-4.42
-7.50,-1.17,-3.47,-0.96,0.13,-0.96,-4.42
-1.98,-0.53,0.15,-1.17,-0.18,0.06,-4.42
0.70,-1.12,2.30,-0.94,-0.30,1.21,-4.42
1.08,2.06,0.25,-0.52,0.33,2.00,-4.33
-1.86,1.48,0.54,-0.05,0.35,2.67,-4.33
-3.68,2.65,0.14,0.42,-0.07,3.48,-4.29
-4.03,3.77,0.21,0.83,-0.56,4.07,-4.29
-3.34,5.26,0.20,1.20,-1.08,4.37,-4.29
-2.40,6.71,0.84,1.57,-1.21,4.37,-4.59
-2.54,9.23,0.36,1.75,-1.03,4.37,-4.59
-1.12,9.78,0.69,1.78,-0.40,4.37,-4.59
-1.83,12.40,-0.03,1.78,0.96,4.12,-4.59
-3.34,12.41,-1.40,1.66,2.44,3.79,-4.59
-6.02,13.03,-2.41,1.40,3.07,3.38,-4.47
-7.21,13.02,-2.80,1.05,2.94,3.24,-4.47
-6.27,12.76,-2.40,0.71,2.29,3.06,-4.39
-6.13,12.48,-2.67,0.50,1.59,2.94,-4.39
-5.43,11.69,-3.15,0.26,0.78,2.83,-4.39
-3.86,10.18,-3.23,0.26,0.36,2.59,-4.31
-2.21,9.11,-2.75,0.47,0.42,2.00,-4.31
-2.80,8.83,-2.73,0.59,0.55,1.32,-4.31
-1.60,7.60,-2.14,0.52,0.34,1.00,-4.31
-1.20,7.96,-0.65,0.30,0.07,0.74,-4.31
-1.23,6.80,-0.40,0.16,0.00,0.50,-4.31
-1.98,6.87,-1.29,0.18,-0.00,-0.01,-4.31
-3.24,7.31,-1.07,0.20,-0.07,-0.53,-4.04
-2.49,7.32,-1.46,0.15,-0.26,-0.89,-4.04
-2.11,8.38,-1.24,-0.07,-0.48,-1.36,-4.04
-10.88,-1.50,0.71,0.86,-1.53,-1.91,-4.42
-16.25,3.22,2.57,-0.15,-0.51,-3.72,-4.42
14.39,19.61,-4.20,-0.12,-1.31,-0.98,-4.12
19.61,2.65,-10.44,0.22,0.50,-3.25,-4.12
-3.30,7.57,-10.27,-0.31,3.03,-3.05,-4.12
-9.72,11.20,-15.96,0.29,1.16,-2.06,-4.12
17.59,19.61,-0.46,-0.08,0.53,-2.11,-4.12
-9.58,3.37,-1.99,-0.03,0.89,-3.21,-4.01
-13.61,9.18,-3.72,-0.00,-0.46,-2.01,-4.01
-12.07,2.60,-1.79,0.20,-1.12,-0.99,-4.01
-8.63,7.34,-3.86,-0.06,-0.30,0.22,-3.82
-0.58,10.72,-4.68,-0.09,-0.22,0.24,-3.82
-0.92,10.80,-4.19,-0.07,-0.06,-0.05,-3.97
-3.17,8.98,-2.87,-0.08,0.10,-0.16,-3.97
-4.25,8.55,-2.95,-0.05,-0.20,-0.09,-3.97
-2.94,8.53,-3.74,-0.06,-0.46,0.00,-3.97
-0.78,8.59,-4.22,-0.09,-0.51,-0.14,-3.97
-0.35,7.96,-3.85,-0.14,-0.38,-0.42,-3.87
-1.17,7.85,-3.52,-0.18,-0.19,-0.62,-3.87
-1.64,8.64,-3.01,-0.19,-0.11,-0.84,-3.87
-1.88,8.28,-2.70,-0.17,-0.20,-1.02,-3.95
-3.19,8.33,-2.70,-0.16,-0.29,-1.19,-3.95
-4.12,8.50,-2.23,-0.12,-0.53,-1.23,-3.81
-3.54,8.44,-2.52,-0.08,-0.72,-1.32,-3.81
-2.93,9.63,-3.09,-0.06,-1.03,-1.50,-3.81
-3.78,8.80,-4.07,-0.09,-1.05,-1.72,-3.81
-4.16,6.80,-3.40,-0.13,-1.10,-1.76,-3.81
-5.85,10.69,-3.16,-0.18,-1.29,-1.76,-3.98
-1.00,13.42,-3.55,-0.27,-1.37,-2.12,-3.98
-6.93,12.28,-2.55,-0.33,-1.30,-2.48,-3.98
-3.27,9.77,-1.83,-0.45,-1.51,-2.59,-4.11
-7.84,12.38,-1.88,-0.48,-1.71,-2.66,-4.11
-0.01,14.87,-4.38,-0.77,-1.58,-2.79,-3.98
-5.90,10.89,-3.74,-0.94,-1.10,-2.77,-3.98
-3.91,8.36,-4.99,-0.96,-1.04,-2.46,-3.98
-5.03,4.07,-4.22,-0.79,-0.70,-2.31,-3.98
-8.04,2.14,-3.69,-0.72,-0.16,-2.15,-3.98
-10.10,1.54,-4.96,-0.85,0.92,-1.94,-3.93
-10.46,-0.35,-3.01,-1.00,1.05,-1.13,-3.93
-3.46,0.51,-0.62,-1.10,0.14,0.38,-3.93
2.11,-4.60,5.03,-0.79,-1.04,1.92,-4.00
0.91,0.88,-1.79,-0.18,0.09,2.67,-4.00
0.52,1.62,-0.95,0.29,0.28,3.57,-3.89
-4.60,3.58,-1.32,0.85,-0.55,4.09,-3.89
-4.31,6.15,-0.60,1.10,-1.26,4.37,-3.89
-3.77,7.21,1.75,1.51,-1.49,4.37,-3.89
-3.61,8.59,1.65,1.92,-0.76,4.37,-3.89
-0.25,10.52,1.38,1.99,0.24,4.37,-4.09
-1.13,11.93,0.61,1.91,1.57,4.02,-4.09
-4.97,11.20,0.12,1.83,2.94,3.55,-4.09
-7.51,12.62,-1.76,1.54,3.15,3.22,-4.16
-8.89,12.94,-1.83,1.12,2.50,3.15,-4.16
-9.25,12.54,-1.81,0.73,1.28,3.04,-4.03
-6.18,11.48,-2.15,0.38,0.37,2.85,-4.03
-2.35,10.37,-2.55,0.26,0.23,2.53,-4.03
-0.88,9.72,-2.56,0.32,0.66,2.13,-3.89
-1.10,9.66,-2.02,0.43,1.05,1.77,-3.89
-1.66,9.52,-1.64,0.45,1.24,1.51,-3.89
-1.46,9.33,-1.64,0.38,1.15,1.34,-3.89
-2.24,9.81,-1.38,0.22,0.77,1.02,-3.89
-2.35,9.39,-1.30,0.09,0.33,0.71,-3.85
-1.28,8.32,-2.02,0.08,-0.10,0.47,-3.85
0.17,7.90,-1.76,0.10,-0.37,0.25,-3.84
0.51,8.38,-1.70,0.10,-0.56,-0.11,-3.84
0.53,7.35,-1.84,0.10,-0.63,-0.42,-3.84
0.25,7.43,-2.20,0.06,-0.59,-0.73,-3.67
-0.63,8.70,-1.75,0.05,-0.89,-0.95,-3.67
0.58,8.84,-1.22,-0.17,-0.85,-1.01,-3.67
-6.83,-1.21,2.39,0.72,-1.35,-1.72,-3.67
-15.08,8.81,-10.78,-0.21,0.42,-3.68,-3.67
10.55,19.61,-7.27,0.29,-1.56,-2.41,-3.91
19.61,5.32,-10.44,0.46,-0.21,-2.10,-3.91
5.66,10.54,-9.71,-0.02,1.47,-2.61,-3.70
-9.37,14.35,-8.01,0.06,1.38,-2.22,-3.70
2.80,17.24,-6.44,-0.07,0.23,-1.47,-3.70
2.59,18.67,1.28,0.09,0.93,-2.56,-3.67
-12.90,5.76,-2.92,0.02,0.55,-1.94,-3.67
-8.92,9.09,-1.59,-0.01,-0.79,-0.72,-3.67
-5.01,7.41,-1.76,0.16,-0.86,-0.31,-3.67
-5.12,9.20,-2.91,0.24,-0.49,0.08,-3.67
-3.99,9.17,-3.74,0.26,-0.62,0.30,-3.73
-1.83,8.96,-4.49,0.21,-0.51,0.32,-3.73
-1.80,8.94,-4.38,0.11,-0.21,0.25,-3.73
-2.91,8.87,-4.36,0.05,-0.33,0.27,-3.73
-1.49,8.61,-4.94,0.01,-0.41,0.26,-3.73
-0.91,8.68,-4.63,-0.04,-0.37,0.15,-3.89
-0.48,8.15,-4.14,-0.11,-0.18,0.06,-3.89
-1.09,8.04,-3.30,-0.09,0.05,-0.11,-3.89
-1.83,8.42,-3.11,-0.08,0.07,-0.20,-3.89
-1.26,8.56,-3.49,-0.04,0.02,-0.28,-3.89
-2.37,9.30,-3.11,-0.06,-0.01,-0.37,-3.82
-1.89,9.72,-3.47,-0.07,-0.20,-0.39,-3.82
-2.24,9.39,-3.45,-0.07,-0.32,-0.49,-3.78
-2.13,9.37,-3.31,-0.09,-0.49,-0.56,-3.78
-2.33,9.47,-4.07,-0.12,-0.49,-0.63,-3.78
-2.44,9.15,-4.10,-0.19,-0.41,-0.64,-3.62
-2.73,9.25,-3.79,-0.25,-0.38,-0.65,-3.62
-3.35,9.62,-3.45,-0.27,-0.40,-0.64,-3.62
-3.40,10.25,-3.38,-0.31,-0.48,-0.63,-3.62
-2.96,10.28,-3.50,-0.36,-0.62,-0.65,-3.62
-1.37,10.87,-4.01,-0.42,-0.67,-0.75,-3.66
-1.68,10.57,-3.87,-0.42,-0.68,-0.91,-3.66
-1.77,10.43,-3.23,-0.41,-0.80,-1.08,-3.72
-1.66,10.08,-2.81,-0.34,-0.94,-1.22,-3.72