0.41,9.57,-1.86,-0.01,-0.02,-0.00,-0.49
0.45,9.56,-1.70,-0.01,-0.02,0.00,-0.49
0.51,9.53,-1.75,-0.00,-0.02,-0.00,-0.49
0.51,9.61,-1.68,0.00,-0.02,-0.01,-0.54
0.44,9.53,-1.81,-0.00,-0.02,-0.01,-0.54
0.35,9.61,-1.77,-0.00,-0.03,-0.01,-0.41
0.47,9.63,-1.69,-0.01,-0.03,-0.01,-0.41
0.54,9.55,-1.69,-0.01,-0.02,-0.03,-0.41
0.55,9.58,-1.77,0.00,-0.00,-0.03,-0.41
0.43,9.61,-1.74,0.00,-0.00,-0.04,-0.41
0.41,9.62,-1.72,0.00,-0.02,-0.04,-0.34
0.52,9.55,-1.70,0.00,-0.02,-0.03,-0.34
0.48,9.59,-1.74,0.01,-0.01,-0.04,-0.34
0.40,9.58,-1.75,0.01,-0.00,-0.04,-0.34
0.44,9.58,-1.71,0.01,-0.01,-0.04,-0.34
0.61,9.59,-1.65,0.02,-0.01,-0.04,-0.16
0.57,9.57,-1.78,0.03,0.01,-0.05,-0.16
0.41,9.58,-1.79,0.02,0.01,-0.05,-0.16
0.38,9.63,-1.66,0.02,0.01,-0.05,-0.16
0.46,9.58,-1.71,0.01,-0.01,-0.05,-0.16
0.44,9.54,-1.70,0.01,-0.02,-0.05,-0.41
0.52,9.56,-1.79,0.02,-0.01,-0.05,-0.41
0.49,9.61,-1.65,0.02,-0.00,-0.06,-0.41
0.40,9.61,-1.83,0.03,0.01,-0.06,-0.51
0.42,9.62,-1.74,0.02,-0.00,-0.05,-0.51
0.32,9.52,-1.75,0.03,-0.00,-0.05,-0.34
0.38,9.61,-1.67,0.03,-0.00,-0.04,-0.34
0.28,9.61,-1.86,0.02,-0.02,-0.04,-0.34
0.37,9.65,-1.75,0.02,-0.02,-0.04,-0.20
0.41,9.62,-1.75,0.02,-0.02,-0.04,-0.20
0.39,9.61,-1.64,0.02,-0.01,-0.04,-0.20
0.39,9.59,-1.72,0.03,-0.02,-0.04,-0.20
0.43,9.60,-1.74,0.03,-0.00,-0.04,-0.20
0.41,9.63,-1.87,0.03,-0.00,-0.04,-0.66
0.31,9.59,-1.88,0.02,-0.02,-0.03,-0.66
0.40,9.55,-1.81,0.02,-0.02,-0.03,-0.54
0.46,9.60,-1.68,0.02,-0.02,-0.03,-0.54
0.47,9.59,-1.78,0.03,-0.00,-0.04,-0.54
0.50,9.55,-1.75,0.02,0.01,-0.05,-0.21
0.26,9.61,-1.78,0.02,0.00,-0.05,-0.21
0.31,9.60,-1.80,0.02,-0.01,-0.05,-0.21
0.41,9.62,-1.70,0.02,-0.01,-0.04,-0.21
0.41,9.55,-1.70,0.02,-0.01,-0.04,-0.21
0.39,9.56,-1.79,0.02,-0.01,-0.05,-0.29
0.44,9.56,-1.73,0.03,-0.01,-0.05,-0.29
0.42,9.63,-1.74,0.03,-0.00,-0.05,-0.29
0.37,9.61,-1.75,0.02,0.00,-0.05,-0.29
0.40,9.56,-1.87,0.03,0.00,-0.05,-0.29
0.28,9.63,-1.79,0.02,-0.01,-0.05,-0.39
0.27,9.61,-1.88,0.02,-0.02,-0.04,-0.39
0.31,9.61,-1.80,0.02,-0.02,-0.04,-0.39
0.38,9.58,-1.82,0.02,-0.01,-0.04,-0.39
0.26,9.57,-1.77,0.02,-0.01,-0.04,-0.39
0.38,9.57,-1.73,0.02,-0.01,-0.04,-0.20
0.39,9.63,-1.79,0.02,-0.00,-0.04,-0.20
0.32,9.64,-1.78,0.02,0.00,-0.05,-0.05
0.37,9.62,-1.81,0.02,-0.00,-0.05,-0.05
0.34,9.58,-1.80,0.02,-0.01,-0.05,-0.05
0.41,9.62,-1.80,0.02,-0.01,-0.05,-0.44
0.34,9.58,-1.82,0.02,-0.02,-0.05,-0.44
0.36,9.62,-1.77,0.02,-0.02,-0.04,-0.44
0.36,9.58,-1.76,0.02,-0.01,-0.04,-0.44
0.39,9.60,-1.84,0.02,-0.01,-0.05,-0.44
0.35,9.64,-1.85,0.02,-0.00,-0.05,-0.62
0.33,9.60,-1.88,0.03,0.00,-0.05,-0.62
0.24,9.58,-1.81,0.02,-0.01,-0.05,-0.23
0.23,9.59,-1.84,0.02,-0.01,-0.05,-0.23
0.33,9.62,-1.77,0.01,-0.02,-0.05,-0.23
0.24,9.63,-1.85,0.01,-0.02,-0.05,-0.44
0.32,9.59,-1.83,0.02,-0.01,-0.05,-0.44
0.31,9.56,-1.83,0.02,-0.01,-0.05,-0.28
0.28,9.61,-1.85,0.02,-0.02,-0.05,-0.28
0.20,9.57,-1.86,0.01,-0.02,-0.04,-0.28
0.32,9.63,-1.74,0.01,-0.03,-0.04,-0.28
0.33,9.62,-1.85,0.02,-0.02,-0.04,-0.28
0.27,9.56,-1.85,0.02,-0.02,-0.04,-0.22
0.24,9.59,-1.89,0.02,-0.01,-0.04,-0.22
0.27,9.62,-1.81,0.01,-0.02,-0.03,-0.22
0.41,9.58,-1.79,0.02,-0.02,-0.04,-0.58
0.35,9.58,-1.84,0.02,-0.01,-0.04,-0.58
0.23,9.57,-1.86,0.02,-0.01,-0.04,-0.43
0.23,9.58,-1.85,0.02,-0.02,-0.04,-0.43
0.31,9.59,-1.84,0.02,-0.02,-0.04,-0.43
0.31,9.61,-2.00,0.02,-0.01,-0.04,-0.43
0.33,9.56,-1.85,0.02,-0.01,-0.03,-0.43
0.23,9.61,-1.80,0.02,-0.01,-0.04,-0.44
0.25,9.62,-1.81,0.01,-0.01,-0.03,-0.44
0.22,9.55,-1.84,0.01,-0.02,-0.03,-0.44
0.34,9.59,-1.86,0.01,-0.02,-0.03,-0.45
0.32,9.61,-1.70,0.01,-0.02,-0.04,-0.45
0.23,9.52,-1.87,0.01,-0.02,-0.04,-0.27
0.20,9.55,-1.82,0.01,-0.02,-0.03,-0.27
0.29,9.60,-1.78,0.01,-0.03,-0.04,-0.27
0.27,9.63,-1.70,0.01,-0.02,-0.03,-0.27
0.23,9.62,-1.79,0.01,-0.02,-0.03,-0.27
0.23,9.55,-1.77,0.01,-0.02,-0.03,-0.39
0.25,9.58,-1.81,0.01,-0.02,-0.03,-0.39
0.36,9.61,-1.82,0.01,-0.01,-0.03,-0.39
0.27,9.57,-1.75,0.01,-0.01,-0.04,-0.39
0.26,9.55,-1.80,0.01,-0.01,-0.04,-0.39
0.26,9.50,-1.87,0.01,-0.02,-0.03,-0.53
0.23,9.57,-1.87,0.01,-0.02,-0.03,-0.53
0.28,9.57,-1.91,0.01,-0.02,-0.03,-0.53
0.25,9.58,-1.81,0.01,-0.03,-0.03,-0.53
0.25,9.58,-1.83,0.01,-0.02,-0.03,-0.53
0.31,9.63,-1.86,0.01,-0.01,-0.03,-0.49
0.30,9.60,-1.85,0.01,-0.02,-0.03,-0.49
0.33,9.57,-1.86,0.01,-0.01,-0.03,-0.49
0.24,9.60,-1.84,0.01,-0.01,-0.04,-0.20
0.24,9.59,-1.79,0.01,-0.02,-0.03,-0.20
0.24,9.56,-1.87,0.01,-0.02,-0.03,-0.24
0.34,9.60,-1.79,0.01,-0.02,-0.03,-0.24
0.21,9.54,-1.78,0.01,-0.02,-0.03,-0.24
0.24,9.59,-1.83,0.01,-0.01,-0.03,-0.24
0.31,9.59,-1.74,0.01,-0.00,-0.03,-0.24
0.28,9.64,-1.81,0.01,-0.01,-0.04,-0.36
0.22,9.62,-1.86,0.01,-0.01,-0.04,-0.36
0.26,9.61,-1.73,0.01,-0.01,-0.03,-0.36
0.29,9.62,-1.78,0.01,-0.01,-0.03,-0.27
0.24,9.61,-1.77,0.01,-0.02,-0.03,-0.27
0.26,9.55,-1.81,0.01,-0.02,-0.03,-0.61
0.32,9.56,-1.73,0.01,-0.02,-0.03,-0.61
0.27,9.57,-1.78,0.01,-0.01,-0.02,-0.61
0.17,9.62,-1.80,0.01,-0.02,-0.02,-0.63
0.24,9.62,-1.89,0.01,-0.01,-0.02,-0.63
0.32,9.55,-1.87,0.01,-0.02,-0.02,-0.63
0.37,9.63,-1.80,0.01,-0.02,-0.02,-0.63
0.32,9.57,-1.74,0.01,-0.02,-0.03,-0.63
0.24,9.58,-1.78,0.01,-0.02,-0.03,-0.46
0.21,9.60,-1.85,0.01,-0.02,-0.03,-0.46
0.24,9.57,-1.75,0.01,-0.02,-0.03,-0.29
0.27,9.60,-1.76,0.01,-0.02,-0.03,-0.29
0.29,9.59,-1.85,0.01,-0.02,-0.03,-0.29
0.22,9.56,-1.81,0.01,-0.02,-0.03,-0.35
0.20,9.55,-1.81,0.01,-0.02,-0.03,-0.35
0.31,9.61,-1.81,0.01,-0.01,-0.03,-0.35
0.26,9.59,-1.77,0.02,-0.01,-0.04,-0.35
0.22,9.62,-1.81,0.01,-0.01,-0.03,-0.35
0.26,9.55,-1.78,0.01,-0.01,-0.04,-0.21
0.33,9.54,-1.87,0.02,-0.01,-0.04,-0.21
0.36,9.58,-1.80,0.02,-0.00,-0.04,-0.25
0.30,9.62,-1.80,0.02,-0.01,-0.04,-0.25
0.29,9.58,-1.81,0.02,-0.01,-0.04,-0.25
0.14,9.58,-1.81,0.02,-0.01,-0.03,-0.36
0.28,9.61,-1.76,0.01,-0.01,-0.03,-0.36
0.28,9.61,-1.74,0.02,-0.02,-0.03,-0.36
0.24,9.58,-1.82,0.02,-0.01,-0.03,-0.36
0.28,9.61,-1.80,0.02,-0.00,-0.03,-0.36
0.30,9.57,-1.87,0.02,-0.01,-0.03,-0.42
0.28,9.59,-1.73,0.02,-0.01,-0.03,-0.42
0.28,9.65,-1.80,0.02,-0.00,-0.03,-0.50
0.22,9.64,-1.84,0.02,-0.01,-0.03,-0.50
0.20,9.58,-1.87,0.02,-0.01,-0.03,-0.50
0.23,9.56,-1.74,0.01,-0.02,-0.03,-0.25
0.32,9.61,-1.75,0.02,-0.01,-0.03,-0.25
0.23,9.59,-1.74,0.02,-0.01,-0.03,-0.25
0.24,9.59,-1.84,0.02,-0.01,-0.03,-0.25
0.26,9.52,-1.75,0.02,-0.01,-0.03,-0.25
0.27,9.62,-1.87,0.02,-0.01,-0.03,-0.26
0.31,9.60,-1.80,0.01,-0.02,-0.03,-0.26
0.25,9.52,-1.77,0.01,-0.01,-0.03,0.03
0.30,9.60,-1.77,0.01,-0.01,-0.03,0.03
0.34,9.60,-1.77,0.02,-0.01,-0.03,0.03
0.27,9.60,-1.92,0.02,-0.01,-0.03,-0.22
0.29,9.53,-1.85,0.02,-0.01,-0.03,-0.22
0.26,9.58,-1.78,0.01,-0.01,-0.03,-0.22
0.22,9.56,-1.71,0.02,-0.01,-0.03,-0.22
0.20,9.62,-1.82,0.02,-0.01,-0.02,-0.22
0.26,9.56,-1.81,0.02,-0.01,-0.02,0.01
0.32,9.55,-1.83,0.02,-0.02,-0.02,0.01
0.31,9.58,-1.87,0.02,-0.02,-0.02,-0.26
0.24,9.55,-1.83,0.02,-0.01,-0.03,-0.26
0.27,9.56,-1.84,0.02,-0.00,-0.03,-0.26
0.22,9.63,-1.80,0.02,-0.01,-0.02,-0.18
0.26,9.57,-1.94,0.02,-0.02,-0.02,-0.18
0.26,9.59,-1.74,0.02,-0.01,-0.01,-0.47
0.25,9.63,-1.83,0.02,-0.01,-0.01,-0.47
0.30,9.57,-1.80,0.02,-0.02,-0.01,-0.47
0.33,9.59,-1.81,0.02,-0.02,-0.01,-0.47
0.34,9.57,-1.78,0.02,-0.02,-0.00,-0.47
0.33,9.57,-1.82,0.02,-0.02,-0.01,-0.39
0.32,9.58,-1.74,0.02,-0.02,-0.02,-0.39
0.41,9.55,-1.90,0.02,-0.02,-0.01,-0.39
0.43,9.58,-1.87,0.02,-0.01,-0.02,-0.40
0.35,9.57,-1.80,0.02,-0.01,-0.02,-0.40
0.35,9.55,-1.87,0.02,-0.02,-0.02,-0.18
0.27,9.63,-1.84,0.02,-0.02,-0.02,-0.18
0.25,9.53,-1.79,0.02,-0.02,-0.02,-0.18
0.34,9.62,-1.82,0.01,-0.02,-0.02,-0.18
0.34,9.62,-1.83,0.02,-0.02,-0.01,-0.18
0.38,9.59,-1.83,0.02,-0.02,-0.02,-0.10
0.38,9.57,-1.85,0.02,-0.02,-0.02,-0.10
0.38,9.56,-1.78,0.02,-0.02,-0.02,-0.10
0.37,9.61,-1.87,0.02,-0.01,-0.02,0.03
0.40,9.57,-1.87,0.02,-0.02,-0.02,0.03
0.41,9.59,-1.89,0.02,-0.01,-0.03,-0.35
0.31,9.62,-1.90,0.02,-0.01,-0.03,-0.35
0.31,9.59,-1.88,0.02,-0.01,-0.03,-0.35
0.32,9.60,-1.84,0.02,-0.02,-0.02,-0.35
0.45,9.56,-1.87,0.02,-0.01,-0.02,-0.35
0.35,9.57,-1.87,0.02,-0.01,-0.03,-0.13
0.36,9.53,-1.87,0.02,-0.01,-0.03,-0.13
0.33,9.57,-1.93,0.02,-0.02,-0.02,-0.13
0.40,9.60,-1.81,0.02,-0.01,-0.02,-0.16
0.40,9.58,-1.82,0.02,-0.01,-0.02,-0.16
0.36,9.57,-1.84,0.02,-0.01,-0.02,-0.28
0.42,9.59,-1.84,0.02,-0.02,-0.02,-0.28
0.38,9.61,-1.81,0.02,-0.02,-0.02,-0.28
0.40,9.60,-1.81,0.02,-0.01,-0.02,-0.28
0.41,9.58,-1.89,0.02,-0.01,-0.02,-0.28
0.29,9.55,-1.84,0.01,-0.01,-0.03,-0.18
0.34,9.64,-1.86,0.01,-0.01,-0.02,-0.18
0.44,9.58,-1.84,0.02,-0.02,-0.03,-0.18
0.39,9.57,-1.86,0.02,-0.02,-0.03,-0.06
0.39,9.57,-1.83,0.02,-0.02,-0.02,-0.06
0.40,9.60,-1.89,0.01,-0.02,-0.02,-0.02
0.47,9.57,-1.85,0.01,-0.02,-0.02,-0.02
0.45,9.51,-1.80,0.01,-0.02,-0.02,-0.02
0.47,9.55,-1.82,0.01,-0.01,-0.03,-0.10
0.36,9.59,-1.82,0.01,-0.01,-0.03,-0.10
0.36,9.62,-1.78,0.01,-0.01,-0.03,-0.10
0.38,9.56,-1.91,0.01,-0.02,-0.03,-0.10
0.33,9.54,-1.84,0.01,-0.02,-0.02,-0.10
0.39,9.59,-1.80,0.01,-0.02,-0.01,-0.27
0.33,9.56,-1.74,0.01,-0.02,-0.02,-0.27
0.42,9.59,-1.87,0.01,-0.02,-0.02,-0.13
0.44,9.60,-1.87,0.01,-0.02,-0.02,-0.13
0.39,9.61,-1.85,0.01,-0.02,-0.02,-0.13
0.49,9.55,-1.88,0.01,-0.02,-0.02,-0.24
0.46,9.60,-1.94,0.01,-0.02,-0.02,-0.24
0.43,9.61,-1.88,0.01,-0.02,-0.03,-0.24
0.45,9.54,-1.87,0.01,-0.02,-0.03,-0.24
0.41,9.57,-1.82,0.01,-0.01,-0.03,-0.24
0.38,9.59,-1.87,0.01,-0.01,-0.03,-0.33
0.35,9.57,-1.91,0.01,-0.02,-0.03,-0.33
0.46,9.58,-1.83,0.01,-0.03,-0.02,-0.20
0.45,9.54,-1.89,0.01,-0.02,-0.02,-0.20
0.46,9.56,-1.90,0.01,-0.02,-0.02,-0.20
0.41,9.60,-1.80,0.01,-0.02,-0.03,-0.23
0.42,9.54,-1.76,0.01,-0.02,-0.03,-0.23
0.46,9.58,-1.80,0.01,-0.02,-0.03,-0.23
0.34,9.65,-1.87,0.01,-0.02,-0.03,-0.23
0.37,9.53,-1.92,0.01,-0.02,-0.03,-0.23
0.44,9.58,-1.75,0.01,-0.02,-0.03,-0.18
0.43,9.57,-1.88,0.01,-0.02,-0.03,-0.18
0.49,9.60,-1.81,0.01,-0.01,-0.03,-0.17
0.42,9.55,-1.84,0.01,-0.01,-0.03,-0.17
0.33,9.56,-1.76,0.01,-0.02,-0.02,-0.17
0.40,9.55,-1.71,0.01,-0.03,-0.02,-0.34
0.41,9.57,-1.83,0.01,-0.03,-0.02,-0.34
0.35,9.58,-1.87,0.01,-0.03,-0.01,-0.34
0.35,9.60,-1.80,0.01,-0.03,-0.00,-0.34
0.42,9.63,-1.77,0.01,-0.03,-0.00,-0.34
0.39,9.62,-1.81,0.01,-0.03,0.00,0.04
0.41,9.58,-1.82,0.01,-0.03,0.01,0.04
0.47,9.60,-1.95,0.02,-0.03,0.02,-0.14
0.45,9.57,-1.86,0.01,-0.03,0.01,-0.14
0.40,9.61,-1.82,0.02,-0.04,0.02,-0.14
0.47,9.62,-1.92,0.01,-0.05,0.02,-0.13
0.58,9.54,-1.90,0.01,-0.05,0.02,-0.13
0.57,9.54,-1.93,0.01,-0.04,0.01,-0.13
0.61,9.55,-1.89,0.01,-0.04,0.01,-0.13
0.60,9.62,-2.05,0.00,-0.05,0.00,-0.13
0.60,9.59,-1.93,0.01,-0.04,-0.01,-0.32
0.58,9.55,-1.83,0.01,-0.05,-0.01,-0.32
0.54,9.59,-1.86,0.01,-0.04,-0.02,-0.08
0.63,9.63,-1.93,0.01,-0.03,-0.02,-0.08
0.51,9.58,-1.84,0.01,-0.03,-0.02,-0.08
0.50,9.61,-1.87,0.00,-0.03,-0.02,-0.19
0.58,9.58,-1.84,0.01,-0.03,-0.01,-0.19
0.53,9.58,-1.78,0.00,-0.04,-0.01,-0.49
0.61,9.61,-1.86,0.01,-0.03,-0.01,-0.49
0.62,9.55,-1.80,0.01,-0.02,-0.02,-0.49
0.66,9.63,-1.90,0.00,-0.02,-0.02,-0.49
0.61,9.53,-1.75,0.00,-0.02,-0.02,-0.49
0.67,9.56,-1.82,0.01,-0.01,-0.03,-0.28
0.68,9.67,-1.71,0.01,-0.01,-0.04,-0.28
0.60,9.52,-1.90,0.01,-0.00,-0.04,-0.28
0.66,9.56,-1.76,0.01,-0.00,-0.05,-0.18
0.57,9.53,-1.79,0.01,-0.00,-0.06,-0.18
0.41,9.67,-1.84,0.01,-0.02,-0.05,-0.16
0.40,9.60,-1.73,0.01,-0.02,-0.04,-0.16
0.55,9.54,-1.75,0.01,-0.04,-0.03,-0.16
0.56,9.63,-1.84,0.01,-0.03,-0.03,-0.16
0.62,9.56,-1.77,0.01,-0.03,-0.03,-0.16
0.67,9.58,-1.83,0.02,-0.02,-0.04,-0.23
0.61,9.62,-1.81,0.02,-0.02,-0.04,-0.23
0.51,9.57,-1.82,0.02,-0.02,-0.04,-0.23
0.61,9.60,-1.84,0.02,-0.01,-0.04,-0.45
0.64,9.59,-1.83,0.03,0.01,-0.05,-0.45
0.45,9.51,-1.79,0.02,0.01,-0.05,-0.17
0.29,9.56,-1.84,0.02,0.01,-0.04,-0.17
0.39,9.77,-1.85,0.02,-0.01,-0.01,-0.17
0.45,9.48,-1.78,0.01,-0.02,-0.01,-0.17
0.71,9.51,-1.79,0.02,-0.01,-0.01,-0.17
0.80,9.65,-1.84,0.03,0.00,-0.03,-0.50
0.56,9.58,-1.93,0.02,0.00,-0.05,-0.50
0.70,9.64,-1.90,0.02,-0.01,-0.06,-0.50
0.53,9.62,-1.93,0.01,-0.01,-0.06,-0.36
0.39,9.67,-1.82,0.01,-0.02,-0.05,-0.36
0.25,9.64,-1.72,0.01,-0.05,-0.03,-0.23
0.46,9.55,-1.68,0.01,-0.05,-0.01,-0.23
0.67,9.60,-1.85,0.02,-0.02,-0.02,-0.23
0.65,9.60,-1.80,0.02,-0.00,-0.03,-0.23
0.55,9.57,-1.79,0.02,-0.01,-0.04,-0.23
0.73,9.54,-1.87,0.02,-0.00,-0.05,-0.22
0.57,9.56,-1.83,0.02,0.00,-0.06,-0.22
0.49,9.69,-1.76,0.01,-0.00,-0.05,-0.22
0.58,9.58,-1.82,0.02,-0.00,-0.05,-0.22
0.54,9.56,-1.82,0.02,0.01,-0.06,-0.22
0.62,9.68,-1.88,0.03,0.02,-0.05,-0.20
0.55,9.59,-1.88,0.02,0.03,-0.06,-0.20
0.47,9.55,-1.84,0.02,0.03,-0.06,-0.20
0.55,9.57,-1.87,0.02,0.02,-0.07,-0.25
0.47,9.65,-1.89,0.02,0.02,-0.07,-0.25
0.28,9.59,-1.78,0.02,0.00,-0.07,-0.25
0.33,9.63,-1.81,0.01,-0.03,-0.05,-0.25
0.31,9.65,-1.78,0.01,-0.06,-0.03,-0.25
0.31,9.66,-1.79,0.01,-0.06,-0.02,-0.32
0.38,9.62,-1.83,0.01,-0.07,-0.00,-0.32
0.37,9.63,-1.86,0.01,-0.08,0.00,-0.11
0.61,9.53,-1.69,0.01,-0.07,0.01,-0.11
0.73,9.61,-1.78,0.02,-0.06,-0.01,-0.11
0.77,9.54,-1.82,0.02,-0.03,-0.03,-0.08
0.70,9.56,-1.86,0.02,-0.03,-0.05,-0.08
0.60,9.52,-1.90,0.02,-0.02,-0.07,-0.08
0.51,9.54,-1.86,0.01,-0.01,-0.07,-0.08
0.46,9.53,-1.87,0.02,-0.01,-0.07,-0.08
0.43,9.59,-1.76,0.02,-0.01,-0.07,-0.19
0.39,9.65,-1.81,0.02,-0.01,-0.06,-0.19
0.34,9.58,-1.79,0.02,0.00,-0.06,-0.14
0.42,9.58,-1.81,0.02,0.00,-0.06,-0.14
0.41,9.61,-1.74,0.02,-0.00,-0.05,-0.14
0.52,9.63,-1.91,0.01,-0.00,-0.05,-0.41
0.45,9.56,-1.79,0.02,-0.01,-0.05,-0.41
0.39,9.57,-1.80,0.02,-0.02,-0.05,-0.41
0.47,9.57,-1.94,0.01,-0.02,-0.04,-0.41
0.40,9.57,-1.79,0.01,-0.02,-0.05,-0.41
0.39,9.61,-1.81,0.01,-0.02,-0.04,-0.38
0.45,9.62,-1.75,0.01,-0.02,-0.04,-0.38
0.40,9.61,-1.78,0.01,-0.02,-0.04,-0.20
0.43,9.61,-1.83,0.01,-0.01,-0.03,-0.20
0.45,9.60,-1.74,0.01,-0.02,-0.03,-0.20
0.38,9.53,-1.86,0.01,-0.02,-0.03,-0.34
0.41,9.60,-1.77,0.01,-0.02,-0.03,-0.34
0.48,9.62,-1.78,0.01,-0.02,-0.03,-0.34
0.44,9.61,-1.85,0.01,-0.02,-0.04,-0.34
0.45,9.60,-1.81,0.01,-0.02,-0.04,-0.34
0.50,9.63,-1.85,0.01,-0.02,-0.05,-0.52
0.45,9.61,-1.79,0.01,-0.01,-0.05,-0.52
0.52,9.59,-1.83,0.01,-0.01,-0.06,-0.19
0.38,9.60,-1.76,0.01,-0.01,-0.05,-0.19
0.35,9.56,-1.78,0.01,-0.02,-0.06,-0.19
0.41,9.58,-1.83,0.01,-0.03,-0.05,-0.34
0.39,9.61,-1.83,0.01,-0.02,-0.05,-0.34
0.39,9.62,-1.79,0.01,-0.01,-0.05,-0.34
0.40,9.59,-1.86,0.01,-0.01,-0.05,-0.34
0.50,9.59,-1.82,0.01,-0.02,-0.05,-0.34
0.47,9.58,-1.94,0.01,-0.02,-0.06,-0.26
0.41,9.57,-1.87,0.01,-0.02,-0.06,-0.26
0.39,9.60,-1.94,0.01,-0.02,-0.06,-0.32
0.27,9.62,-1.86,0.01,-0.03,-0.04,-0.32
0.30,9.52,-1.85,0.01,-0.03,-0.04,-0.32
0.28,9.61,-1.81,0.01,-0.03,-0.04,-0.17
0.39,9.58,-1.83,0.01,-0.03,-0.03,-0.17
0.44,9.57,-1.81,0.01,-0.02,-0.04,-0.12
0.38,9.55,-1.80,0.01,-0.02,-0.04,-0.12
0.34,9.60,-1.80,0.01,-0.02,-0.04,-0.12
0.39,9.55,-1.84,0.01,-0.03,-0.03,-0.12
0.39,9.57,-1.86,0.01,-0.02,-0.04,-0.12
0.43,9.53,-1.81,0.01,-0.03,-0.04,-0.33
0.38,9.57,-1.82,0.01,-0.02,-0.04,-0.33
0.42,9.60,-1.97,0.01,-0.02,-0.04,-0.33
0.35,9.61,-1.87,0.01,-0.02,-0.04,-0.40
0.36,9.53,-1.80,0.01,-0.02,-0.04,-0.40
0.36,9.61,-1.86,0.01,-0.02,-0.04,-0.23
0.42,9.62,-1.78,0.01,-0.02,-0.05,-0.23
0.36,9.65,-1.73,0.01,-0.02,-0.05,-0.23
0.34,9.59,-1.79,0.02,-0.02,-0.05,-0.23
0.32,9.57,-1.90,0.01,-0.02,-0.05,-0.23
0.33,9.61,-1.85,0.01,-0.02,-0.05,-0.26
0.34,9.57,-1.81,0.02,-0.02,-0.05,-0.26
0.33,9.58,-1.86,0.01,-0.02,-0.05,-0.26
0.32,9.58,-1.86,0.01,-0.02,-0.05,-0.14
0.28,9.61,-1.85,0.02,-0.02,-0.05,-0.14
0.28,9.62,-1.82,0.02,-0.02,-0.05,-0.18
0.28,9.59,-1.76,0.02,-0.02,-0.05,-0.18
0.24,9.59,-1.76,0.02,-0.01,-0.04,-0.18
0.24,9.55,-1.80,0.02,-0.02,-0.04,-0.18
0.33,9.53,-1.83,0.03,-0.02,-0.04,-0.18
0.28,9.62,-1.83,0.02,-0.02,-0.04,-0.36
0.30,9.61,-1.80,0.03,-0.02,-0.04,-0.36
0.29,9.60,-1.89,0.02,-0.02,-0.04,-0.36
0.28,9.62,-1.88,0.02,-0.02,-0.04,-0.21
0.24,9.54,-1.92,0.02,-0.03,-0.04,-0.21
0.38,9.52,-1.86,0.02,-0.02,-0.05,-0.43
0.27,9.60,-1.77,0.02,-0.02,-0.04,-0.43
0.29,9.55,-1.86,0.03,-0.02,-0.05,-0.43
0.44,9.61,-1.85,0.03,-0.02,-0.05,-0.43
0.36,9.47,-1.84,0.03,-0.01,-0.06,-0.43
0.25,9.55,-1.82,0.02,-0.01,-0.07,-0.17
0.26,9.58,-1.88,0.02,-0.02,-0.06,-0.17
0.22,9.59,-1.75,0.02,-0.02,-0.06,-0.17
0.21,9.54,-1.88,0.02,-0.01,-0.06,-0.19
0.16,9.54,-1.95,0.02,-0.01,-0.05,-0.19
0.28,9.60,-1.83,0.02,-0.02,-0.06,-0.10
0.25,9.53,-1.84,0.03,-0.01,-0.06,-0.10
0.20,9.56,-1.75,0.02,-0.01,-0.06,-0.10
0.27,9.51,-1.80,0.02,-0.02,-0.05,-0.10
0.22,9.64,-1.89,0.02,-0.00,-0.06,-0.10
0.22,9.57,-1.91,0.02,-0.00,-0.07,-0.33
0.14,9.58,-1.84,0.02,-0.01,-0.06,-0.33
0.19,9.53,-1.81,0.02,-0.01,-0.06,-0.33
0.17,9.61,-1.86,0.02,-0.01,-0.06,-0.27
0.10,9.57,-1.87,0.02,-0.00,-0.05,-0.27
0.11,9.69,-1.85,0.02,-0.00,-0.05,-0.16
0.14,9.59,-1.90,0.02,-0.01,-0.04,-0.16
0.19,9.62,-1.85,0.02,-0.01,-0.04,-0.16
0.16,9.58,-1.96,0.02,-0.01,-0.05,-0.27
0.19,9.58,-1.85,0.02,-0.01,-0.04,-0.27
0.26,9.57,-1.87,0.02,-0.01,-0.04,-0.27
0.12,9.55,-1.86,0.02,-0.01,-0.04,-0.27
0.12,9.58,-1.96,0.02,-0.01,-0.04,-0.27
0.21,9.57,-1.86,0.02,-0.01,-0.04,-0.16
0.14,9.62,-1.85,0.02,-0.01,-0.03,-0.16
0.17,9.57,-1.86,0.02,-0.01,-0.03,-0.23
0.20,9.52,-1.85,0.02,-0.01,-0.03,-0.23
0.17,9.54,-1.83,0.03,-0.02,-0.03,-0.23
0.20,9.63,-1.80,0.02,-0.01,-0.02,-0.41
0.25,9.63,-1.83,0.02,-0.01,-0.03,-0.41
0.17,9.59,-1.93,0.02,-0.02,-0.03,-0.41
0.21,9.60,-1.79,0.02,-0.01,-0.04,-0.41
0.17,9.57,-1.84,0.02,-0.02,-0.04,-0.41
0.25,9.56,-1.92,0.02,-0.01,-0.04,-0.69
0.17,9.55,-1.81,0.02,-0.01,-0.04,-0.69
0.14,9.54,-1.84,0.02,-0.01,-0.04,-0.44
0.16,9.51,-1.85,0.02,-0.01,-0.03,-0.44
0.13,9.57,-1.94,0.02,-0.01,-0.03,-0.44
0.23,9.57,-1.95,0.02,-0.01,-0.03,-0.27
0.14,9.60,-1.92,0.02,-0.01,-0.03,-0.27
0.16,9.58,-1.91,0.02,-0.01,-0.03,-0.27
0.10,9.54,-1.85,0.02,-0.01,-0.03,-0.27
0.17,9.57,-1.89,0.02,-0.01,-0.03,-0.27
0.17,9.63,-1.97,0.02,-0.01,-0.04,-0.23
0.21,9.56,-1.97,0.03,-0.01,-0.03,-0.23
0.24,9.55,-1.95,0.02,-0.00,-0.03,-0.20
0.18,9.55,-1.97,0.02,-0.00,-0.03,-0.20
0.23,9.57,-1.93,0.02,-0.00,-0.04,-0.20
0.16,9.58,-1.88,0.02,-0.00,-0.04,-0.35
0.14,9.55,-1.83,0.03,-0.00,-0.04,-0.35
0.15,9.60,-1.92,0.02,-0.01,-0.03,-0.35
0.13,9.54,-1.89,0.02,-0.00,-0.03,-0.35
0.15,9.55,-1.98,0.02,-0.01,-0.03,-0.35
0.12,9.62,-1.91,0.02,-0.01,-0.03,-0.46
0.17,9.53,-1.90,0.02,-0.01,-0.02,-0.46
0.22,9.55,-1.93,0.03,-0.01,-0.02,-0.29
0.19,9.57,-1.91,0.02,-0.01,-0.02,-0.29
0.17,9.59,-1.96,0.02,-0.01,-0.02,-0.29
0.17,9.59,-1.89,0.02,-0.02,-0.02,-0.24
0.21,9.47,-1.95,0.03,-0.01,-0.02,-0.24
0.16,9.57,-1.88,0.03,-0.01,-0.02,-0.26
0.28,9.56,-1.89,0.03,-0.01,-0.02,-0.26
0.21,9.59,-2.02,0.02,-0.01,-0.02,-0.26
0.23,9.59,-2.01,0.02,-0.01,-0.02,-0.26
0.22,9.55,-1.97,0.02,-0.01,-0.03,-0.26
0.19,9.53,-1.93,0.03,-0.01,-0.03,-0.30
0.21,9.56,-1.91,0.03,-0.01,-0.02,-0.30
0.23,9.61,-1.97,0.02,-0.01,-0.03,-0.30
0.24,9.62,-1.92,0.02,-0.01,-0.02,-0.27
0.21,9.62,-1.98,0.03,-0.01,-0.03,-0.27
0.19,9.56,-2.01,0.02,-0.01,-0.02,-0.33
0.20,9.59,-1.92,0.02,-0.01,-0.02,-0.33
0.28,9.61,-1.98,0.03,-0.00,-0.02,-0.33
0.22,9.60,-1.96,0.02,-0.00,-0.02,-0.33
0.20,9.58,-1.98,0.02,-0.01,-0.02,-0.33
0.23,9.51,-2.02,0.02,-0.01,-0.02,-0.16
0.28,9.57,-2.00,0.03,-0.01,-0.02,-0.16
0.18,9.60,-2.01,0.02,-0.01,-0.02,-0.16
0.26,9.56,-1.99,0.02,-0.01,-0.02,-0.24
0.13,9.58,-1.90,0.02,-0.02,-0.02,-0.24
0.22,9.57,-2.01,0.02,-0.01,-0.02,-0.23
0.31,9.58,-1.89,0.02,-0.01,-0.02,-0.23
0.28,9.52,-2.01,0.02,-0.02,-0.01,-0.23
0.34,9.55,-2.03,0.02,-0.01,-0.02,-0.23
0.23,9.60,-1.96,0.02,-0.01,-0.03,-0.23
0.24,9.59,-1.91,0.02,-0.01,-0.02,-0.17
0.23,9.47,-1.95,0.02,-0.01,-0.03,-0.17
0.23,9.56,-2.02,0.02,-0.01,-0.02,-0.17
0.16,9.58,-2.01,0.01,-0.01,-0.02,-0.40
0.23,9.50,-1.97,0.02,-0.01,-0.02,-0.40
0.21,9.62,-2.05,0.02,-0.01,-0.02,-0.51
0.25,9.55,-1.98,0.02,-0.01,-0.02,-0.51
0.25,9.56,-2.05,0.02,-0.01,-0.02,-0.51
0.26,9.56,-1.97,0.02,-0.01,-0.02,-0.51
0.30,9.56,-2.03,0.02,-0.01,-0.02,-0.51
0.25,9.53,-2.01,0.02,-0.01,-0.02,-0.30
0.31,9.54,-2.07,0.01,-0.00,-0.02,-0.30
0.28,9.60,-1.90,0.01,-0.01,-0.02,-0.30
0.27,9.55,-1.95,0.02,-0.01,-0.03,-0.44
0.26,9.55,-1.98,0.01,-0.01,-0.02,-0.44
0.32,9.54,-1.99,0.01,-0.01,-0.02,-0.45
0.30,9.55,-1.99,0.01,-0.01,-0.03,-0.45
0.30,9.55,-2.08,0.01,-0.02,-0.03,-0.45
0.33,9.59,-1.92,0.01,-0.01,-0.03,-0.45
0.26,9.53,-1.92,0.01,-0.02,-0.03,-0.45
0.27,9.54,-1.92,0.01,-0.01,-0.02,-0.32
0.27,9.54,-1.92,0.01,-0.01,-0.02,-0.32
0.32,9.59,-1.93,0.01,-0.01,-0.03,-0.32
0.26,9.57,-2.05,0.01,-0.01,-0.02,-0.37
0.27,9.54,-1.95,0.01,-0.02,-0.02,-0.37
0.38,9.56,-2.00,0.01,-0.01,-0.03,-0.51
0.35,9.54,-1.99,0.02,-0.01,-0.03,-0.51
0.24,9.50,-1.93,0.01,-0.02,-0.02,-0.51
0.29,9.58,-1.98,0.01,-0.02,-0.02,-0.37
0.30,9.53,-2.01,0.01,-0.02,-0.02,-0.37
0.32,9.53,-1.99,0.01,-0.02,-0.02,-0.37
0.28,9.64,-1.90,0.01,-0.01,-0.02,-0.37
0.28,9.50,-2.00,0.02,-0.01,-0.03,-0.37
0.26,9.59,-1.99,0.02,-0.02,-0.03,-0.44
0.36,9.57,-1.99,0.01,-0.02,-0.03,-0.44
0.21,9.51,-2.09,0.01,-0.02,-0.02,-0.22
0.23,9.54,-1.95,0.01,-0.03,-0.01,-0.22
0.29,9.57,-1.95,0.01,-0.02,-0.02,-0.22
0.32,9.53,-1.91,0.01,-0.02,-0.02,-0.30
0.33,9.54,-1.97,0.01,-0.02,-0.02,-0.30
0.37,9.54,-2.02,0.01,-0.02,-0.02,-0.30
0.37,9.57,-2.12,0.01,-0.02,-0.02,-0.30
0.43,9.56,-1.93,0.01,-0.02,-0.03,-0.30
0.31,9.56,-1.94,0.01,-0.02,-0.03,-0.20
0.31,9.50,-1.90,0.01,-0.02,-0.02,-0.20
0.34,9.56,-1.98,0.01,-0.02,-0.02,-0.23
0.28,9.55,-1.88,0.02,-0.02,-0.03,-0.23
0.38,9.56,-1.98,0.01,-0.02,-0.03,-0.23
0.37,9.56,-1.89,0.01,-0.01,-0.03,-0.33
0.29,9.52,-1.96,0.01,-0.01,-0.03,-0.33
0.32,9.53,-2.09,0.01,-0.02,-0.03,-0.33
0.35,9.62,-1.98,0.01,-0.02,-0.03,-0.33
0.41,9.54,-2.10,0.01,-0.02,-0.03,-0.33
0.41,9.57,-1.94,0.01,-0.02,-0.03,-0.19
0.35,9.53,-1.97,0.01,-0.02,-0.03,-0.19
0.25,9.58,-1.95,0.02,-0.02,-0.03,-0.11
0.35,9.50,-2.04,0.01,-0.02,-0.03,-0.11
0.38,9.56,-2.07,0.01,-0.01,-0.03,-0.11
0.32,9.56,-1.93,0.01,-0.02,-0.03,-0.11
0.28,9.60,-1.98,0.01,-0.02,-0.03,-0.11
0.35,9.58,-2.01,0.02,-0.01,-0.03,-0.11
0.33,9.58,-2.04,0.01,-0.01,-0.03,-0.11
0.29,9.57,-2.04,0.01,-0.02,-0.03,-0.11
0.32,9.62,-2.07,0.01,-0.01,-0.03,-0.20
0.34,9.55,-2.01,0.01,-0.02,-0.03,-0.20
0.33,9.54,-1.90,0.01,-0.02,-0.03,-0.20
0.30,9.59,-2.00,0.01,-0.02,-0.03,-0.20
0.31,9.57,-1.83,0.01,-0.02,-0.03,-0.20
0.36,9.59,-1.96,0.01,-0.02,-0.03,0.38
0.38,9.51,-1.94,0.01,-0.02,-0.03,0.38
0.37,9.57,-2.03,0.01,-0.02,-0.04,0.38
0.32,9.58,-1.91,0.01,-0.02,-0.04,0.38
0.33,9.55,-1.97,0.01,-0.01,-0.04,0.38
0.28,9.58,-1.89,0.01,-0.02,-0.04,0.08
0.34,9.56,-1.91,0.01,-0.02,-0.03,0.08
0.31,9.56,-1.91,0.02,-0.02,-0.03,-0.02
0.32,9.60,-1.86,0.02,-0.02,-0.03,-0.02
0.37,9.59,-2.01,0.01,-0.02,-0.03,-0.02
0.31,9.55,-1.96,0.01,-0.02,-0.03,-0.06
0.29,9.55,-1.92,0.01,-0.01,-0.03,-0.06
0.34,9.56,-1.95,0.01,-0.02,-0.03,-0.21
0.34,9.58,-1.96,0.01,-0.02,-0.03,-0.21
0.33,9.55,-1.95,0.01,-0.02,-0.03,-0.21
0.32,9.56,-1.90,0.01,-0.02,-0.03,-0.21
0.33,9.63,-1.96,0.01,-0.02,-0.03,-0.21
0.29,9.61,-1.88,0.01,-0.02,-0.03,-0.16
0.37,9.52,-1.89,0.01,-0.02,-0.03,-0.16
0.31,9.52,-1.96,0.01,-0.02,-0.03,-0.16
0.38,9.54,-1.95,0.01,-0.01,-0.03,-0.12