0.21,9.66,-0.97,0.00,-0.05,0.01,-0.43
0.36,9.69,-1.02,0.00,-0.05,-0.01,-0.43
0.34,9.66,-1.15,0.00,-0.04,-0.03,-0.31
0.23,9.73,-1.10,-0.01,-0.06,-0.04,-0.31
0.28,9.71,-1.01,-0.02,-0.08,-0.05,-0.31
0.39,9.75,-1.21,-0.04,-0.08,-0.07,-0.33
0.37,9.79,-1.09,-0.05,-0.08,-0.10,-0.33
0.53,9.67,-1.07,-0.06,-0.10,-0.13,-0.33
0.65,9.74,-0.95,-0.06,-0.09,-0.16,-0.33
0.58,9.82,-1.07,-0.06,-0.05,-0.21,-0.33
0.48,9.98,-1.24,-0.08,-0.09,-0.25,-0.19
0.58,9.79,-1.08,-0.09,-0.13,-0.30,-0.19
0.58,9.88,-1.24,-0.12,-0.16,-0.36,-0.14
0.65,10.08,-1.29,-0.14,-0.18,-0.41,-0.14
0.68,10.23,-1.36,-0.18,-0.21,-0.48,-0.14
0.74,10.44,-1.26,-0.22,-0.25,-0.55,-0.11
0.96,11.01,-1.19,-0.27,-0.30,-0.63,-0.11
1.32,11.31,-1.01,-0.34,-0.29,-0.76,-0.29
1.21,11.27,-0.80,-0.36,-0.23,-0.88,-0.29
0.52,11.31,-0.80,-0.43,-0.22,-0.96,-0.29
0.36,10.94,-1.21,-0.48,-0.15,-0.99,-0.29
0.30,10.63,-1.72,-0.53,-0.02,-0.99,-0.29
0.23,10.21,-1.62,-0.48,0.29,-0.99,-0.16
-0.47,9.56,-1.75,-0.42,0.59,-0.99,-0.16
-1.80,8.64,-1.86,-0.31,0.76,-0.96,-0.16
-2.77,8.06,-1.70,-0.20,0.78,-0.93,-0.40
-3.62,8.25,-0.97,-0.09,0.58,-0.84,-0.40
-2.72,8.05,-0.84,-0.08,0.31,-0.56,-0.35
-0.71,7.70,-0.51,-0.10,0.38,-0.26,-0.35
1.36,6.75,-0.74,0.06,1.00,-0.05,-0.35
1.85,6.08,-1.22,0.35,1.70,0.12,-0.35
0.69,6.71,-1.53,0.56,1.97,0.43,-0.35
-0.26,7.68,-1.49,0.64,1.79,0.87,-0.29
-0.85,8.25,-1.33,0.65,1.38,1.25,-0.29
-1.02,8.83,-1.22,0.63,0.85,1.64,-0.29
-0.76,9.36,-1.16,0.57,0.34,1.99,-0.43
-0.06,9.83,-1.08,0.51,0.03,2.27,-0.43
0.64,10.06,-1.16,0.54,-0.07,2.43,-0.37
1.13,10.29,-1.17,0.61,0.03,2.47,-0.37
1.34,10.75,-1.21,0.66,0.20,2.45,-0.37
1.39,11.02,-1.31,0.70,0.38,2.36,-0.37
1.04,11.31,-1.45,0.68,0.44,2.21,-0.37
0.89,11.54,-1.34,0.58,0.45,2.04,-0.26
0.96,11.36,-1.26,0.48,0.50,1.89,-0.26
1.27,10.70,-1.23,0.39,0.61,1.65,-0.26
1.36,10.04,-1.10,0.37,0.76,1.33,-0.23
0.86,9.74,-1.08,0.39,0.88,0.94,-0.23
0.30,9.71,-1.23,0.35,0.92,0.49,0.01
-0.25,9.50,-1.47,0.29,0.84,0.09,0.01
-0.46,9.26,-1.74,0.24,0.72,-0.32,0.01
-1.14,9.40,-1.43,0.20,0.56,-0.78,0.01
-0.83,9.59,-2.79,0.20,0.50,-1.14,0.01
5.59,10.32,-2.74,0.12,0.24,-0.71,-0.16
9.24,9.95,0.98,0.05,-0.28,-0.17,-0.16
2.84,9.43,-1.81,0.30,0.22,-0.79,-0.16
0.40,12.30,-1.70,0.26,0.42,-1.18,0.11
1.85,10.49,-1.34,0.23,0.36,-1.18,0.11
1.14,8.98,-1.00,0.27,0.30,-1.19,-0.17
2.00,8.51,-1.74,0.37,0.12,-1.10,-0.17
1.15,8.38,-3.73,0.34,-0.01,-0.94,-0.17
0.77,9.22,-3.60,0.24,0.06,-0.84,-0.09
0.87,9.81,-1.70,0.19,0.01,-0.80,-0.09
0.81,9.69,-1.25,0.29,-0.09,-0.73,-0.09
1.50,9.35,-1.97,0.35,-0.09,-0.71,-0.09
2.35,9.39,-2.70,0.41,0.12,-0.78,-0.09
1.51,9.20,-3.88,0.39,0.26,-0.84,-0.17
-0.03,9.73,-4.09,0.24,0.05,-0.79,-0.17
-0.03,9.60,-3.35,0.10,-0.29,-0.67,-0.06
0.96,9.49,-2.59,0.09,-0.35,-0.63,-0.06
1.37,9.34,-2.59,0.12,-0.17,-0.69,-0.06
0.97,9.34,-2.89,0.13,-0.06,-0.73,-0.16
0.51,9.04,-3.33,0.12,-0.12,-0.73,-0.16
0.36,9.09,-3.37,0.07,-0.20,-0.70,-0.16
0.20,9.25,-2.89,0.06,-0.19,-0.70,-0.16
-0.06,9.36,-2.53,0.07,-0.17,-0.72,-0.16
-0.47,9.43,-2.58,0.07,-0.16,-0.72,-0.25
-0.48,9.44,-2.99,0.07,-0.19,-0.69,-0.25
-0.33,9.31,-2.83,0.08,-0.23,-0.67,-0.09
-0.78,9.30,-2.96,0.07,-0.24,-0.66,-0.09
-1.02,9.37,-2.77,0.06,-0.27,-0.63,-0.09
-0.69,9.32,-2.36,0.06,-0.36,-0.64,-0.33
0.14,9.70,-3.22,0.07,-0.41,-0.69,-0.33
-0.14,9.88,-4.08,0.01,-0.42,-0.80,-0.33
-0.80,9.90,-3.80,-0.08,-0.57,-0.84,-0.33
-0.22,10.19,-3.22,-0.15,-0.73,-0.94,-0.33
0.38,10.35,-2.63,-0.19,-0.78,-1.15,-0.28
-0.23,11.03,-2.86,-0.28,-0.85,-1.39,-0.28
0.40,11.45,-3.43,-0.42,-0.95,-1.57,-0.01
0.62,12.30,-3.33,-0.55,-1.03,-1.79,-0.01
1.36,14.60,-3.15,-0.70,-1.01,-2.06,-0.01
1.58,15.31,-1.28,-0.74,-1.08,-2.36,0.01
2.75,17.69,-1.14,-0.83,-1.13,-2.57,0.01
6.14,18.05,-1.76,-0.92,-1.03,-2.66,0.01
6.40,15.05,-2.83,-0.80,-0.89,-2.86,0.01
1.41,12.22,-4.84,-0.82,-0.50,-2.94,0.01
-4.01,9.20,-5.51,-0.52,0.97,-3.33,-0.15
-7.71,8.35,-4.94,-0.04,1.44,-3.14,-0.15
-6.39,7.48,-3.92,-0.22,0.63,-2.08,-0.58
-2.89,5.05,-1.42,-0.44,-0.72,-0.88,-0.58
-1.48,1.73,-2.28,-0.35,-1.19,-0.05,-0.58
1.01,2.07,-1.15,-0.23,-1.01,0.89,-0.28
1.71,1.98,-0.80,-0.08,-0.48,1.64,-0.28
0.16,2.86,-0.43,0.12,0.13,2.23,-0.28
-0.96,3.61,-0.68,0.20,0.46,2.79,-0.28
-1.57,3.99,-0.64,0.27,0.65,3.42,-0.28
-1.53,5.26,-0.62,0.33,0.75,4.09,-0.32
-1.51,6.45,-0.42,0.43,0.74,4.37,-0.32
-2.15,7.70,-0.31,0.60,0.59,4.37,-0.33
-2.74,9.88,-0.53,0.73,0.31,4.37,-0.33
-2.39,11.27,-0.89,0.83,0.06,4.37,-0.33
-2.61,12.93,-1.86,0.92,-0.03,4.37,-0.48
-3.79,16.29,-3.75,0.86,-0.20,4.37,-0.48
-3.57,17.23,-3.12,0.72,-0.54,4.37,-0.18
-2.58,14.43,-1.85,0.91,-0.45,4.37,-0.18
-5.32,15.36,-2.23,1.12,0.02,3.28,-0.18
-10.41,14.48,-1.87,0.56,-0.31,1.92,-0.18
-7.17,8.85,-1.12,0.12,-0.63,0.06,-0.18
-4.56,9.96,-2.09,0.17,-0.28,-1.96,-0.24
-0.55,12.24,-0.95,-0.03,0.14,-2.57,-0.24
11.73,13.83,-3.95,-0.24,0.63,-1.50,-0.24
19.61,8.80,8.60,0.30,-0.09,-1.04,-0.36
-5.72,12.50,-5.82,1.00,2.99,-3.24,-0.36
-6.85,13.22,-2.62,0.93,2.32,-2.60,-0.18
-4.82,7.14,-3.58,0.53,1.20,-2.14,-0.18
-5.53,9.23,-2.85,0.30,-0.15,-1.29,-0.18
-0.65,9.81,-3.45,0.26,-1.36,-0.97,-0.18
1.19,10.69,-4.58,0.12,-0.96,-0.88,-0.18
1.08,9.97,-2.40,0.15,-0.26,-0.81,-0.26
2.10,8.88,-2.34,0.26,0.24,-0.87,-0.26
-1.31,9.89,-3.45,0.25,0.04,-0.81,-0.26
-1.32,9.74,-4.60,0.08,-0.47,-0.51,-0.38
0.59,9.39,-3.50,0.02,-0.86,-0.34,-0.38
1.68,9.23,-3.29,0.01,-0.82,-0.40,-0.11
1.88,8.75,-3.43,0.01,-0.85,-0.50,-0.11
2.72,8.70,-3.85,0.01,-0.68,-0.67,-0.11
1.87,9.22,-3.68,0.00,-0.57,-0.82,-0.11
0.71,9.48,-3.23,-0.03,-0.64,-0.90,-0.11
0.25,9.34,-3.05,-0.05,-0.69,-0.96,-0.22
-0.14,9.36,-3.11,-0.06,-0.68,-1.01,-0.22
-0.70,9.33,-3.15,-0.08,-0.64,-1.01,-0.22
-0.64,9.49,-2.88,-0.09,-0.61,-1.01,-0.12
-0.36,9.67,-2.96,-0.13,-0.56,-1.03,-0.12
-1.30,10.39,-3.17,-0.17,-0.52,-1.06,-0.36
-1.56,10.10,-2.71,-0.20,-0.68,-1.06,-0.36
-0.68,10.09,-2.72,-0.28,-0.86,-1.09,-0.36
0.66,10.36,-3.13,-0.38,-0.80,-1.25,-0.36
0.89,10.76,-2.98,-0.46,-0.65,-1.47,-0.36
0.30,10.89,-3.01,-0.55,-0.63,-1.73,-0.32
0.36,11.52,-3.31,-0.62,-0.82,-1.95,-0.32
0.76,14.55,-3.68,-0.77,-1.15,-2.17,-0.32
1.61,17.16,-2.21,-0.93,-1.52,-2.35,-0.58
4.39,19.61,-3.06,-1.20,-1.94,-2.42,-0.58
12.63,16.61,-2.38,-1.07,-1.51,-2.71,-0.35
4.92,15.05,-4.28,-0.98,-0.55,-3.24,-0.35
-3.80,12.92,-5.71,-0.72,0.52,-3.60,-0.35
-4.50,11.53,-5.16,-0.47,1.12,-3.38,-0.44
-4.92,8.51,-5.15,-0.38,1.17,-2.86,-0.44
-5.99,5.65,-2.86,-0.49,0.51,-1.83,-0.44
-4.88,4.45,-1.56,-0.71,-0.33,-0.87,-0.44
-5.43,0.80,-3.99,-0.55,-0.67,-0.27,-0.44
-2.57,1.05,-2.85,-0.37,-0.37,0.57,-0.49
0.76,1.26,-2.23,-0.29,-0.20,1.54,-0.49
0.29,1.43,-0.67,-0.24,0.27,2.15,-0.68
-0.79,2.07,-0.40,-0.11,0.76,2.53,-0.68
-2.13,2.63,-1.16,0.01,1.14,3.02,-0.68
-2.02,3.22,-1.41,0.05,1.29,3.65,-0.70
-1.75,4.25,-1.24,0.12,1.36,4.21,-0.70
-2.33,6.03,-1.17,0.27,1.36,4.37,-0.70
-2.18,7.07,-1.48,0.40,1.21,4.37,-0.70
-2.04,8.96,-1.92,0.53,1.07,4.37,-0.70
-2.39,11.61,-2.40,0.75,1.11,4.37,-0.73
-3.65,14.14,-4.11,0.88,1.16,4.37,-0.73
-7.19,19.61,-5.88,0.75,0.51,4.37,-0.45
-8.68,18.94,-4.98,0.58,-0.53,4.37,-0.45
-6.07,13.80,-4.01,0.96,-0.95,4.32,-0.45
-9.65,15.04,-2.31,1.06,-1.08,2.52,-0.30
-9.00,11.37,-0.74,0.23,-1.29,0.54,-0.30
-5.89,10.53,-2.55,0.16,-1.12,-1.70,-0.30
3.70,11.91,-2.21,-0.08,-0.26,-2.40,-0.30
19.61,16.13,9.13,-1.03,0.26,-0.01,-0.30
8.87,12.87,-0.24,1.07,2.52,-2.88,-0.18
-13.09,12.22,-3.56,1.35,4.19,-3.74,-0.18
-3.60,9.83,-3.25,0.78,1.82,-2.65,-0.24
-5.65,5.15,-8.86,0.47,0.84,-1.99,-0.24
-5.71,9.57,-3.32,0.11,-1.50,-1.31,-0.24
2.32,11.34,-2.31,0.01,-1.38,-0.91,-0.21
3.50,9.19,-2.44,0.15,-0.38,-1.16,-0.21
1.67,10.24,-1.98,0.22,0.73,-1.37,-0.21
-2.92,9.38,-3.81,0.16,0.35,-1.26,-0.21
-2.94,9.38,-4.13,-0.01,-0.48,-0.78,-0.21
0.84,9.48,-3.01,-0.02,-0.63,-0.65,-0.16
0.43,9.76,-2.78,0.01,-0.43,-0.70,-0.16
0.10,9.44,-2.95,0.01,-0.55,-0.69,-0.67
0.55,9.15,-3.64,-0.02,-0.63,-0.70,-0.67
0.75,9.24,-3.75,-0.06,-0.53,-0.77,-0.67
-0.08,9.37,-3.10,-0.08,-0.45,-0.81,-0.18
-0.09,9.55,-2.71,-0.08,-0.46,-0.83,-0.18
0.10,9.47,-2.56,-0.09,-0.45,-0.91,-0.23
-0.33,9.66,-2.97,-0.12,-0.42,-0.97,-0.23
-1.18,9.88,-3.11,-0.15,-0.43,-0.99,-0.23
-1.25,9.64,-2.70,-0.18,-0.52,-0.98,-0.19
-0.09,9.18,-2.68,-0.24,-0.53,-1.06,-0.19
0.00,9.41,-3.49,-0.30,-0.40,-1.20,-0.42
-0.96,10.32,-3.79,-0.36,-0.46,-1.31,-0.42
-1.54,10.97,-3.08,-0.42,-0.76,-1.38,-0.42
0.04,11.42,-2.23,-0.52,-1.03,-1.53,-0.19
1.66,11.86,-2.33,-0.64,-1.00,-1.84,-0.19
1.36,14.35,-2.82,-0.76,-1.11,-2.18,-0.18
1.84,17.39,-2.39,-0.85,-1.16,-2.38,-0.18
4.23,18.59,-2.07,-0.96,-1.43,-2.46,-0.18
8.20,17.96,-1.64,-0.93,-1.26,-2.61,-0.18
3.72,13.37,-2.63,-0.77,-0.64,-2.73,-0.18
-5.09,9.89,-4.58,-0.73,0.31,-3.09,-0.20
-7.42,9.22,-4.87,-0.37,0.91,-2.87,-0.20
-7.28,7.41,-5.10,-0.38,0.67,-2.24,-0.20
-6.43,5.15,-3.08,-0.59,0.08,-1.48,-0.37
-4.00,3.75,-1.89,-0.69,-0.62,-0.62,-0.37
-2.79,0.41,-1.36,-0.59,-0.95,0.18,-0.66
-2.36,0.12,-2.32,-0.30,-0.57,0.72,-0.66
-0.61,1.73,-1.65,-0.13,-0.36,1.47,-0.66
-0.44,2.41,-0.70,-0.04,0.01,1.98,-0.66
-0.95,2.85,-0.02,0.10,0.38,2.37,-0.66
-1.47,4.07,-0.34,0.28,0.90,2.80,-0.57
-1.91,5.48,-0.79,0.39,1.33,3.26,-0.57
-2.66,6.32,-0.90,0.49,1.49,3.69,-0.57
-3.46,7.27,-0.93,0.54,1.30,4.08,-0.27
-3.51,8.66,-1.37,0.57,0.90,4.37,-0.27
-3.03,10.37,-2.05,0.66,0.72,4.37,-0.70
-3.14,11.65,-2.96,0.71,0.58,4.37,-0.70
-4.14,12.70,-3.80,0.66,0.26,4.37,-0.70
-5.03,13.97,-3.80,0.65,-0.36,4.37,-0.70
-3.23,13.33,-3.23,0.76,-1.03,4.37,-0.70
-1.21,12.28,-2.81,1.03,-1.27,4.03,-0.64
-1.16,12.72,-2.50,1.15,-1.33,3.36,-0.64
-2.50,13.20,-1.31,0.97,-1.43,2.62,-0.64
-2.43,11.65,-0.50,0.58,-1.41,1.88,-0.37
-1.11,9.45,-0.88,0.36,-1.22,0.87,-0.37
-0.29,9.17,-0.29,0.31,-0.55,-0.32,0.07
-1.29,10.01,0.35,0.25,0.03,-1.20,0.07
-2.43,10.35,0.05,0.13,0.50,-1.89,0.07
-0.40,11.27,-2.28,0.10,0.96,-2.19,0.07
10.68,9.59,-8.64,0.51,1.84,-1.53,0.07
19.61,13.57,6.03,-0.08,0.02,-0.13,-0.02
-7.81,11.93,-0.01,0.66,2.76,-3.29,-0.02
-7.69,12.42,-1.28,0.59,1.54,-2.09,-0.02
-0.05,7.55,-3.99,0.35,0.39,-1.72,0.06
-2.77,6.83,-4.47,0.33,0.21,-1.28,0.06
-1.02,9.70,-3.42,0.18,-0.90,-0.98,-0.35
-0.26,10.38,-4.13,0.06,-1.01,-0.72,-0.35
2.15,9.42,-2.64,0.16,-0.66,-0.67,-0.35
4.31,9.45,-3.35,0.24,0.27,-0.94,-0.10
0.17,8.90,-3.75,0.23,0.34,-1.04,-0.10
-1.34,9.67,-5.02,0.05,-0.04,-0.84,-0.10
-0.85,9.58,-4.02,-0.07,-0.44,-0.62,-0.10
0.90,9.46,-3.13,-0.07,-0.51,-0.55,-0.10
1.16,9.21,-3.17,-0.05,-0.40,-0.62,-0.43
0.85,9.19,-3.46,-0.05,-0.37,-0.69,-0.43
0.75,8.86,-3.52,-0.06,-0.48,-0.74,-0.22
0.91,8.79,-3.40,-0.04,-0.47,-0.79,-0.22
0.28,9.05,-3.24,-0.03,-0.40,-0.85,-0.22
-0.84,9.29,-3.31,-0.05,-0.40,-0.86,-0.28
-0.73,9.43,-3.23,-0.07,-0.47,-0.82,-0.28
-0.68,9.43,-3.04,-0.07,-0.45,-0.82,-0.28
-0.98,9.71,-3.01,-0.07,-0.42,-0.82,-0.28
-1.12,9.70,-3.34,-0.09,-0.46,-0.81,-0.28
-1.03,9.78,-3.26,-0.12,-0.53,-0.82,-0.43
-0.93,10.05,-3.51,-0.16,-0.65,-0.85,-0.43
-0.11,9.67,-3.39,-0.22,-0.74,-0.94,-0.27
0.25,10.07,-3.56,-0.31,-0.69,-1.11,-0.27
-0.58,10.76,-3.87,-0.41,-0.81,-1.26,-0.27
-0.19,10.86,-3.41,-0.51,-0.99,-1.40,-0.18
0.43,11.54,-3.06,-0.63,-1.07,-1.63,-0.18
0.97,12.94,-3.08,-0.77,-1.20,-1.89,-0.18
1.36,15.35,-2.95,-0.92,-1.15,-2.14,-0.18
1.83,17.33,-2.24,-1.07,-1.45,-2.34,-0.18
6.90,18.99,-2.27,-1.27,-1.44,-2.38,-0.51
9.21,16.20,-2.51,-1.16,-0.99,-2.77,-0.51
2.65,13.78,-3.43,-1.22,-0.42,-3.16,-0.37
-3.46,12.73,-5.92,-0.88,0.82,-3.47,-0.37
-4.75,10.12,-4.96,-0.58,0.99,-3.07,-0.37
-4.15,7.44,-4.26,-0.44,0.96,-2.50,-0.29
-4.33,4.71,-2.05,-0.48,0.65,-1.77,-0.29
-5.18,3.58,-1.18,-0.56,0.04,-0.88,-0.29
-5.87,1.63,-3.56,-0.48,-0.23,-0.20,-0.29
-2.28,2.10,-2.84,-0.32,-0.16,0.69,-0.29
1.28,1.75,-2.02,-0.26,-0.15,1.64,-0.15
1.01,1.88,-0.17,-0.19,0.22,2.24,-0.15
-0.04,2.77,-0.12,-0.02,0.75,2.68,-0.60
-1.76,3.63,-0.66,0.10,1.13,3.10,-0.60
-2.44,4.63,-1.14,0.15,1.28,3.70,-0.60
-2.05,5.52,-1.05,0.16,1.16,4.33,-0.49
-2.02,6.31,-0.45,0.23,1.01,4.37,-0.49
-3.38,8.15,-1.36,0.43,0.91,4.37,-0.78
-2.59,10.45,-1.81,0.46,0.60,4.37,-0.78
-2.40,11.24,-1.54,0.60,0.43,4.37,-0.78
-3.95,13.44,-2.69,0.74,0.42,4.37,-0.78
-7.82,18.84,-5.13,0.60,-0.12,4.37,-0.78
-8.98,16.66,-3.97,0.41,-1.12,4.37,-0.16
-5.81,12.78,-3.53,0.80,-1.00,3.96,-0.16
-8.60,14.10,-1.96,0.97,-0.71,2.05,-0.16
-8.62,11.54,-1.23,0.28,-0.75,0.10,-0.18
-6.16,10.55,-0.48,-0.10,-0.95,-1.82,-0.18
15.02,17.74,-3.87,-0.51,0.11,-1.09,-0.13
19.61,9.54,7.41,0.53,-0.30,-1.13,-0.13
-8.17,12.04,-9.21,1.12,3.75,-4.02,-0.13
-7.43,14.02,0.21,0.82,2.85,-2.99,-0.13
-4.78,5.79,-6.52,0.74,1.06,-2.63,-0.13
-6.42,7.69,-2.83,0.21,-0.88,-1.47,-0.21
-2.36,11.41,-4.23,0.10,-1.51,-1.05,-0.21
3.35,10.10,-2.93,0.14,-0.92,-1.01,-0.21
1.80,9.53,-2.52,0.18,0.16,-1.14,-0.40
0.37,9.75,-2.45,0.24,0.55,-1.23,-0.40
-3.39,9.27,-4.33,0.13,-0.03,-0.94,-0.14
-1.38,9.95,-4.04,-0.02,-0.54,-0.60,-0.14
0.54,9.54,-2.71,-0.03,-0.58,-0.55,-0.14
0.75,9.63,-2.54,-0.00,-0.50,-0.61,-0.14
1.05,8.95,-3.31,0.00,-0.51,-0.67,-0.14
0.63,9.13,-3.79,-0.03,-0.47,-0.74,-0.17
0.08,9.13,-3.29,-0.06,-0.48,-0.78,-0.17
-0.14,9.33,-2.87,-0.06,-0.51,-0.79,-0.17
-0.07,9.42,-2.46,-0.06,-0.51,-0.84,-0.33
-0.73,9.67,-2.62,-0.06,-0.49,-0.89,-0.33
-1.30,9.74,-2.65,-0.08,-0.57,-0.85,-0.45
-0.78,9.74,-2.95,-0.14,-0.59,-0.85,-0.45
-0.95,10.09,-3.21,-0.18,-0.56,-0.89,-0.45
-1.05,10.07,-3.18,-0.25,-0.69,-0.90,-0.45
0.39,9.59,-2.69,-0.31,-0.73,-1.02,-0.45
0.77,10.95,-3.02,-0.40,-0.64,-1.26,-0.45
0.69,11.53,-2.93,-0.50,-0.72,-1.48,-0.45
1.01,11.99,-2.98,-0.67,-0.77,-1.73,-0.45
1.44,12.51,-3.40,-0.84,-0.91,-2.03,-0.51
2.25,15.45,-4.13,-1.02,-0.99,-2.32,-0.51
2.95,17.39,-2.57,-1.12,-1.40,-2.57,-0.60
4.97,19.61,-3.82,-1.36,-1.49,-2.60,-0.60
11.10,15.38,-3.35,-1.27,-1.38,-2.74,-0.60
3.09,13.32,-4.41,-1.15,-0.50,-3.24,-0.46
-3.53,13.03,-5.82,-0.83,0.59,-3.55,-0.46
-4.41,10.34,-4.41,-0.50,0.67,-3.08,-0.46
-3.90,7.75,-3.70,-0.38,0.73,-2.48,-0.46
-4.70,4.36,-2.09,-0.37,0.33,-1.75,-0.46
-6.15,3.72,-0.21,-0.55,-0.36,-0.80,-0.48
-7.57,1.61,-4.36,-0.32,-0.48,-0.19,-0.48
-1.98,1.64,-2.57,-0.16,-0.64,0.85,-0.30
0.98,0.82,-1.70,-0.06,-0.50,1.71,-0.30
0.90,1.13,0.43,0.15,0.06,2.19,-0.30
0.12,2.41,0.29,0.46,0.78,2.53,-0.93
-1.40,3.31,-0.50,0.67,1.29,3.01,-0.93
-1.69,4.12,-1.03,0.69,1.49,3.68,-0.93
-1.84,5.04,-0.92,0.67,1.47,4.27,-0.93
-2.34,6.42,-0.87,0.67,1.38,4.37,-0.93
-2.69,7.71,-0.82,0.72,1.04,4.37,-1.12
-2.45,9.44,-1.21,0.83,0.78,4.37,-1.12
-1.25,11.95,-1.62,1.04,0.88,4.37,-0.45
-3.08,15.45,-4.04,1.10,0.92,4.37,-0.45
-6.31,19.61,-5.70,0.80,0.30,4.37,-0.45
-6.98,17.59,-3.97,0.69,-0.42,4.37,-0.55
-5.65,13.74,-2.79,1.20,-0.45,3.87,-0.55
-11.68,15.54,-1.40,0.81,-0.66,1.83,-0.55
-8.23,9.56,0.24,0.13,-0.98,-0.45,-0.55
-4.54,12.11,-0.16,-0.05,-0.71,-2.34,-0.55
15.10,16.61,-4.96,-0.28,0.85,-1.58,-0.47
19.61,9.80,9.16,0.42,0.74,-1.63,-0.47
-12.17,12.52,-6.08,1.11,4.26,-4.37,-0.29
-8.19,11.86,-1.48,1.01,2.57,-2.93,-0.29
-3.12,4.45,-9.58,0.64,0.98,-2.55,-0.29
-7.72,8.71,-2.95,0.14,-0.77,-1.56,-0.16
-1.07,11.45,-2.07,0.05,-1.24,-0.99,-0.16
3.56,9.79,-2.41,0.18,-0.64,-1.16,-0.16
2.41,9.99,-2.18,0.23,0.39,-1.37,-0.16
-0.26,9.13,-2.81,0.27,0.54,-1.46,-0.16
-4.14,9.49,-5.13,0.10,-0.32,-1.07,-0.16
0.68,9.39,-3.70,-0.02,-0.80,-0.78,-0.16
1.22,9.58,-3.27,0.02,-0.47,-0.90,-0.27
-0.53,9.63,-3.04,0.02,-0.38,-0.90,-0.27
-0.49,9.20,-3.34,-0.01,-0.52,-0.84,-0.27
-0.13,9.05,-3.54,-0.03,-0.53,-0.84,-0.23
-0.76,9.31,-3.26,-0.04,-0.47,-0.86,-0.23
-1.16,9.55,-2.85,-0.05,-0.54,-0.81,-0.23
-0.66,9.59,-2.92,-0.07,-0.53,-0.80,-0.23
-1.03,9.66,-2.77,-0.07,-0.54,-0.81,-0.23
-1.49,9.82,-3.00,-0.10,-0.54,-0.79,-0.25
-1.00,9.65,-2.68,-0.11,-0.55,-0.79,-0.25
-1.26,9.90,-2.84,-0.13,-0.57,-0.85,-0.09
-0.84,9.49,-2.55,-0.15,-0.67,-0.89,-0.09
0.20,9.54,-3.16,-0.24,-0.61,-1.06,-0.09
0.13,10.78,-3.77,-0.31,-0.54,-1.28,-0.08
-0.44,11.24,-3.29,-0.40,-0.77,-1.46,-0.08
1.18,11.86,-3.32,-0.58,-0.84,-1.68,-0.04
0.94,12.17,-3.15,-0.66,-0.93,-1.99,-0.04
1.26,14.29,-3.05,-0.77,-1.29,-2.25,-0.04
3.14,17.54,-2.90,-0.91,-1.54,-2.45,-0.04
5.65,19.51,-3.66,-1.07,-1.87,-2.55,-0.04
11.12,17.78,-2.89,-1.01,-1.44,-2.84,-0.25
2.25,14.40,-4.25,-0.84,-0.44,-3.34,-0.25
-6.62,14.48,-6.65,-0.61,0.39,-3.54,-0.25
-4.15,11.11,-4.74,-0.39,0.33,-2.97,-0.35
-2.91,7.81,-3.29,-0.32,0.40,-2.28,-0.35
-4.02,3.60,-2.75,-0.39,0.16,-1.41,-0.33
-6.52,2.15,0.97,-0.57,-0.43,-0.52,-0.33
-8.40,1.10,-4.43,-0.25,-0.27,-0.04,-0.33
-2.26,1.16,-2.65,-0.15,-0.57,1.06,-0.33
0.85,0.21,-1.42,-0.11,-0.48,2.00,-0.33
0.90,0.91,0.96,0.07,0.13,2.48,-0.29
-0.23,2.23,0.37,0.34,0.84,2.74,-0.29
-1.51,3.19,-1.01,0.52,1.36,3.19,-0.29
-1.20,4.04,-1.12,0.57,1.54,3.83,-0.70
-1.51,5.05,-0.50,0.59,1.43,4.37,-0.70
-2.52,6.56,-0.22,0.61,1.13,4.37,-0.40
-2.77,7.83,-0.34,0.64,0.77,4.37,-0.40
-2.76,9.73,-1.16,0.80,0.57,4.37,-0.40
-2.26,12.14,-1.83,0.95,0.37,4.37,-0.40
-3.60,15.28,-3.65,0.98,0.14,4.37,-0.40
-5.55,19.61,-5.51,0.80,-0.45,4.37,-0.30
-5.40,17.53,-3.45,0.73,-1.00,4.37,-0.30
-5.25,15.83,-1.12,1.17,-0.94,3.98,-0.30
-9.96,15.01,-1.04,0.64,-0.69,2.05,-0.53
-6.70,8.95,0.31,0.04,-0.82,-0.81,-0.53
-3.57,13.24,-2.21,-0.04,-0.32,-2.77,0.03
10.05,11.94,-6.90,0.18,0.60,-2.20,0.03
19.61,9.57,10.90,-0.23,-0.44,-0.68,0.03
-4.32,16.00,-4.50,0.80,2.85,-3.77,0.03
-6.79,12.38,-2.28,0.98,2.48,-3.15,0.03
-4.06,5.49,-5.50,0.61,1.29,-2.63,0.02
-6.61,7.88,-3.86,0.35,0.04,-1.70,0.02
-3.50,10.74,-4.12,0.21,-1.20,-1.21,0.02
2.41,9.92,-3.66,0.19,-0.95,-0.99,-0.25
1.47,10.06,-3.27,0.15,-0.15,-1.13,-0.25
0.91,9.57,-1.94,0.21,0.35,-1.23,-0.26
-2.57,9.32,-4.75,0.14,-0.13,-1.07,-0.26
-1.26,9.73,-4.33,0.00,-0.66,-0.69,-0.26
0.45,9.70,-3.17,-0.01,-0.69,-0.61,-0.25
-0.05,9.79,-3.20,-0.02,-0.65,-0.59,-0.25
0.41,9.21,-3.52,-0.03,-0.71,-0.58,-0.25
0.65,8.84,-3.89,-0.05,-0.71,-0.61,-0.25
0.50,8.95,-3.62,-0.06,-0.66,-0.68,-0.25
0.39,8.95,-3.18,-0.07,-0.65,-0.75,-0.23
0.42,9.05,-3.15,-0.07,-0.60,-0.84,-0.23
-0.17,9.27,-3.26,-0.09,-0.53,-0.89,-0.23
-1.12,9.39,-3.13,-0.09,-0.51,-0.90,-0.23
-1.31,9.55,-3.01,-0.11,-0.57,-0.87,-0.23
-0.91,9.41,-3.05,-0.14,-0.57,-0.87,-0.51
-0.90,9.78,-3.34,-0.19,-0.58,-0.89,-0.51
-1.39,9.97,-3.43,-0.21,-0.73,-0.91,-0.51
-1.01,10.08,-3.52,-0.25,-0.87,-0.94,-0.51
-0.01,10.69,-3.21,-0.32,-0.87,-1.06,-0.51
0.12,11.01,-2.59,-0.39,-0.87,-1.25,0.26
1.11,11.21,-2.22,-0.50,-0.78,-1.50,0.26
0.94,11.37,-2.62,-0.59,-0.72,-1.83,-0.19
0.57,12.98,-3.05,-0.70,-0.82,-2.06,-0.19
1.99,16.07,-3.77,-0.87,-1.00,-2.23,-0.19
2.93,17.38,-3.06,-0.97,-1.55,-2.40,-0.13
9.39,17.36,-2.04,-1.05,-1.89,-2.43,-0.13
8.06,16.00,-2.82,-0.91,-1.13,-2.91,-0.13
-1.58,14.76,-6.10,-0.79,-0.14,-3.56,-0.13
-4.42,14.83,-6.39,-0.58,0.43,-3.42,-0.13
-2.45,10.65,-5.06,-0.47,0.54,-2.95,0.01
-2.39,7.23,-3.29,-0.47,0.72,-2.29,0.01
-3.44,4.38,-3.33,-0.54,0.61,-1.36,-0.24
-6.83,1.85,-1.93,-0.57,-0.08,-0.52,-0.24
-5.91,1.99,-3.65,-0.44,0.25,0.16,-0.24
-0.42,1.74,-2.78,-0.53,-0.18,1.35,-0.26
0.13,0.75,-0.94,-0.53,-0.01,2.15,-0.26
-0.29,1.12,0.18,-0.30,0.51,2.63,-0.26
-0.88,2.21,-0.40,-0.08,0.98,3.11,-0.26
-1.43,2.97,-1.20,0.06,1.28,3.74,-0.26
-1.41,3.64,-1.41,0.12,1.37,4.37,-0.24
-1.92,4.95,-1.13,0.20,1.31,4.37,-0.24
-2.64,6.44,-0.94,0.36,1.09,4.37,-0.49
-2.99,8.41,-1.19,0.49,0.80,4.37,-0.49
-2.06,11.35,-1.53,0.73,0.80,4.37,-0.49
-1.62,14.13,-2.87,1.00,1.10,4.37,-0.14
-5.69,19.61,-5.71,0.86,0.83,4.37,-0.14
-10.14,19.61,-4.50,0.38,-0.28,4.37,-0.27
-8.64,13.63,-2.94,0.84,-0.49,4.30,-0.27
-12.39,14.63,-2.51,0.96,-0.79,2.26,-0.27
-7.22,10.27,-0.99,0.21,-0.88,-0.33,-0.27
-5.93,11.81,-0.95,-0.13,-0.79,-2.56,-0.27
18.45,19.61,1.06,-0.90,-0.77,-0.76,0.13
19.51,10.33,3.40,0.61,-0.40,-2.08,0.13
-7.68,14.82,-7.72,1.00,3.16,-4.21,0.13
-5.65,9.93,-2.18,0.96,2.42,-3.22,0.02
-5.28,3.51,-7.69,0.75,1.61,-2.74,0.02
-10.50,10.95,-1.61,0.26,-0.88,-1.56,0.24
-1.42,11.67,-2.35,0.11,-1.40,-0.86,0.24
3.58,10.19,-2.89,0.16,-0.85,-0.96,0.24
2.12,9.90,-2.74,0.22,0.14,-1.17,0.24
-1.00,9.17,-2.77,0.24,0.40,-1.20,0.24
-3.90,9.85,-4.74,0.08,-0.44,-0.78,0.27
-0.52,9.81,-3.88,-0.04,-0.86,-0.47,0.27
1.43,9.59,-2.84,-0.01,-0.72,-0.49,0.27
0.61,9.47,-2.96,0.00,-0.55,-0.58,-0.21
1.19,8.73,-3.56,-0.02,-0.60,-0.64,-0.21
0.52,8.88,-3.85,-0.05,-0.53,-0.73,-0.03
0.15,9.20,-3.12,-0.06,-0.56,-0.77,-0.03
0.49,9.33,-2.76,-0.07,-0.56,-0.84,-0.03
0.15,9.60,-2.72,-0.08,-0.49,-0.92,-0.03
-0.74,9.73,-2.62,-0.09,-0.44,-0.97,-0.03
-0.71,9.73,-2.64,-0.12,-0.45,-0.99,-0.15
-0.60,9.55,-2.87,-0.16,-0.43,-1.02,-0.15
-1.19,9.79,-3.20,-0.19,-0.48,-1.05,-0.15
-1.27,9.65,-2.94,-0.23,-0.66,-1.09,-0.15
-0.41,10.42,-3.22,-0.31,-0.76,-1.17,-0.15
-0.09,11.20,-3.21,-0.38,-0.78,-1.34,0.03
0.07,11.43,-2.80,-0.48,-0.88,-1.51,0.03
1.20,11.45,-2.82,-0.64,-0.91,-1.77,0.03
1.47,12.41,-3.16,-0.74,-1.01,-2.11,0.03
2.13,16.12,-3.95,-0.91,-1.22,-2.35,0.03
3.43,18.05,-2.77,-0.98,-1.58,-2.55,0.14
8.57,18.94,-2.44,-1.12,-1.73,-2.54,0.14
8.71,16.47,-3.49,-0.95,-1.08,-3.00,0.14
-2.05,14.09,-5.69,-0.81,-0.28,-3.54,-0.21
-5.76,14.05,-5.91,-0.57,0.22,-3.38,-0.21
-3.42,10.13,-4.81,-0.42,0.26,-2.80,-0.90
-3.40,7.16,-2.78,-0.48,0.32,-2.15,-0.90
-4.62,3.95,-2.94,-0.49,0.15,-1.35,-0.90
-7.72,1.32,-1.94,-0.44,-0.58,-0.55,-0.90
-6.48,1.43,-2.60,-0.29,-0.26,0.12,-0.90
-0.28,0.76,-2.18,-0.24,-0.49,1.28,-0.31
0.41,0.23,-0.08,-0.16,-0.07,1.94,-0.31
0.23,0.91,0.59,0.07,0.54,2.32,-0.31
-0.93,1.87,-0.02,0.26,1.17,2.65,-0.09
-1.56,2.64,-1.21,0.36,1.68,3.18,-0.09
-1.32,3.78,-1.09,0.37,1.96,3.80,-0.70
-2.04,5.32,-0.81,0.36,1.96,4.29,-0.70
-3.18,6.68,-0.70,0.35,1.71,4.37,-0.70
-3.39,7.65,-1.33,0.39,1.28,4.37,-0.97
-3.14,9.60,-1.96,0.48,0.90,4.37,-0.97
-3.18,12.23,-2.75,0.70,0.69,4.37,-0.97
-4.03,15.00,-4.56,0.74,0.49,4.37,-0.97
-6.15,19.61,-6.02,0.61,-0.20,4.37,-0.97
-6.07,16.45,-3.89,0.66,-1.06,4.37,-0.45
-4.58,14.33,-3.18,1.19,-0.95,3.99,-0.45
-9.20,15.10,-1.84,0.84,-1.13,2.08,-0.06
-6.59,9.61,-0.45,0.14,-1.40,-0.07,-0.06
-5.00,9.62,-1.73,0.09,-1.03,-2.17,-0.06
4.41,12.45,-0.93,-0.09,-0.24,-2.62,-0.21
19.61,18.79,11.00,-1.16,-0.23,0.01,-0.21
4.27,15.12,-3.82,0.93,2.37,-3.65,-0.21
-12.47,12.95,-1.54,1.18,3.69,-3.72,-0.21
-3.14,6.92,-4.54,0.71,1.52,-2.76,-0.21
-7.53,6.44,-7.40,0.37,0.60,-1.83,0.10
-5.86,10.18,-4.58,0.15,-1.57,-1.13,0.10
2.89,10.20,-2.83,0.10,-1.44,-0.84,-0.44
2.51,9.89,-2.66,0.15,-0.39,-1.06,-0.44
2.77,10.17,-2.28,0.23,0.56,-1.31,-0.44
-2.73,9.03,-4.70,0.17,0.18,-1.26,-0.11
-2.14,9.71,-4.77,-0.03,-0.75,-0.81,-0.11
1.30,9.46,-3.65,-0.07,-0.73,-0.74,-0.11
0.21,9.68,-2.98,-0.06,-0.51,-0.79,-0.11
-0.48,9.49,-3.10,-0.05,-0.56,-0.78,-0.11
0.12,9.11,-3.64,-0.07,-0.68,-0.76,0.04
0.20,9.19,-3.74,-0.09,-0.61,-0.80,0.04
-0.04,9.30,-3.53,-0.12,-0.55,-0.83,-0.11
-0.46,9.37,-3.05,-0.12,-0.52,-0.86,-0.11
-0.88,9.45,-2.93,-0.11,-0.50,-0.88,-0.11
-1.50,9.59,-2.65,-0.12,-0.53,-0.86,-0.02
-1.01,9.66,-2.39,-0.13,-0.57,-0.86,-0.02
-0.85,9.82,-2.62,-0.16,-0.52,-0.92,-0.02
-0.66,9.91,-2.88,-0.20,-0.51,-1.00,-0.02
-0.75,9.54,-2.93,-0.24,-0.62,-1.10,-0.02
-0.35,10.20,-4.05,-0.32,-0.65,-1.23,-0.29
-0.80,10.77,-3.91,-0.39,-0.78,-1.37,-0.29
-0.09,11.37,-2.95,-0.52,-0.99,-1.56,-0.22
1.36,11.71,-2.52,-0.65,-1.01,-1.80,-0.22
1.88,13.05,-2.57,-0.74,-1.11,-2.17,-0.22
2.72,16.82,-3.68,-0.89,-1.33,-2.44,-0.68
4.16,19.22,-3.78,-1.00,-1.71,-2.60,-0.68
11.92,17.86,-3.79,-0.97,-1.66,-2.76,-0.64
5.14,16.06,-3.61,-0.84,-0.57,-3.27,-0.64
-6.39,14.85,-6.36,-0.56,0.27,-3.70,-0.64
-4.70,11.97,-5.06,-0.46,0.26,-3.10,-0.64
-3.75,8.75,-3.37,-0.54,0.30,-2.52,-0.64
-4.92,4.47,-3.09,-0.55,0.05,-1.72,-0.59
-5.14,2.94,-0.33,-0.71,-0.33,-0.74,-0.59
-6.63,0.63,-4.12,-0.39,-0.18,-0.17,-0.59
-1.56,0.79,-2.40,-0.27,-0.50,0.94,-0.35
1.00,0.35,-0.70,-0.23,-0.29,1.84,-0.35
0.45,1.20,0.68,-0.03,0.26,2.34,-0.97
-0.98,2.32,0.19,0.15,0.73,2.72,-0.97
-1.73,3.09,-0.66,0.27,1.16,3.24,-0.97
-1.29,3.91,-0.66,0.33,1.44,3.85,-0.97
-1.82,4.98,-0.25,0.39,1.52,4.37,-0.97
-3.02,6.29,-0.15,0.47,1.38,4.37,-0.89
-3.59,7.28,-0.61,0.57,0.93,4.37,-0.89
-3.63,8.88,-1.05,0.74,0.52,4.37,-0.89
-3.48,10.87,-1.66,0.90,0.33,4.37,-1.22
-4.71,14.38,-3.90,0.94,0.26,4.37,-1.22
-7.87,19.61,-5.15,0.62,-0.62,4.37,-1.17
-7.31,17.77,-3.20,0.46,-1.49,4.37,-1.17
-3.95,14.19,-2.92,0.90,-1.07,4.04,-1.17
-6.99,14.21,-1.58,0.89,-0.64,2.06,-1.17
-6.91,10.79,0.19,0.27,-0.48,-0.28,-1.17
-4.79,11.60,-0.32,-0.11,-0.62,-2.16,-0.71
11.32,15.10,-3.64,-0.20,0.44,-1.68,-0.71
19.61,9.38,8.91,0.28,0.06,-1.14,-0.71
-7.10,14.05,-6.39,0.98,3.15,-3.79,-0.56
-6.13,11.72,-3.51,1.03,2.57,-2.80,-0.56
-4.12,5.74,-8.29,0.60,1.24,-2.36,-0.68
-7.99,9.19,-2.68,0.12,-0.48,-1.37,-0.68
-1.57,10.30,-2.94,0.07,-1.52,-0.83,-0.68
4.79,10.33,-3.41,0.13,-0.96,-0.89,-0.68
5.27,9.08,-2.55,0.23,0.40,-1.29,-0.68
-0.03,9.17,-2.93,0.28,0.87,-1.61,-0.56
-5.62,9.60,-5.11,0.06,-0.17,-1.15,-0.56
0.77,9.45,-2.92,-0.02,-0.79,-0.81,-0.56
1.46,9.65,-3.03,-0.01,-0.47,-0.92,-0.72
0.47,9.25,-2.65,0.05,-0.23,-1.00,-0.72
-1.84,9.23,-3.27,0.06,-0.40,-0.91,-0.43
-0.53,8.95,-3.04,0.03,-0.62,-0.79,-0.43
0.32,9.20,-2.92,0.03,-0.50,-0.81,-0.43
-0.07,9.49,-3.13,0.01,-0.30,-0.86,-0.74
-1.00,9.37,-3.20,-0.01,-0.32,-0.87,-0.74
-1.18,9.51,-3.30,-0.04,-0.41,-0.83,-0.74
-1.29,9.57,-2.93,-0.06,-0.47,-0.81,-0.74
-1.22,9.72,-2.86,-0.06,-0.51,-0.80,-0.74
-0.91,9.54,-2.94,-0.11,-0.48,-0.80,-0.45