0.38,10.18,-1.03,-0.04,-0.02,-0.13,-0.92
0.85,10.27,-1.28,-0.04,-0.03,-0.21,-0.92
1.06,10.23,-1.31,-0.05,-0.04,-0.34,-0.86
0.61,10.66,-1.30,-0.12,-0.24,-0.43,-0.86
1.47,11.51,-1.19,-0.17,-0.34,-0.56,-0.61
2.04,12.33,-0.79,-0.24,-0.35,-0.72,-0.61
2.02,13.21,-0.74,-0.27,-0.37,-0.90,-0.61
2.45,13.24,-0.89,-0.36,-0.39,-0.99,-0.95
3.93,12.22,-1.40,-0.40,0.04,-1.11,-0.95
2.53,11.13,-1.73,-0.29,0.76,-1.43,-0.95
-2.10,12.20,-2.44,-0.03,0.86,-1.61,-0.95
-5.09,13.46,-2.82,0.04,0.25,-1.61,-0.95
-5.50,12.66,-2.32,0.02,-0.51,-1.54,-0.70
-2.61,12.33,-3.03,0.12,-1.01,-1.33,-0.70
-2.31,11.39,-2.08,0.25,-1.30,-1.26,-0.98
-2.24,11.14,-1.76,0.35,-1.38,-1.15,-0.98
-1.07,10.39,-1.10,0.41,-1.29,-0.94,-0.98
-0.61,9.67,-0.29,0.47,-0.97,-0.73,-1.14
-0.02,9.02,-0.03,0.58,-0.57,-0.48,-1.14
0.51,8.06,0.19,0.69,-0.12,-0.24,-1.07
0.77,7.25,-0.19,0.79,0.29,0.00,-1.07
0.71,6.40,-0.48,0.85,0.68,0.31,-1.07
0.37,5.80,-0.51,0.86,0.89,0.64,-1.11
-0.22,5.38,-0.47,0.83,0.92,1.02,-1.11
-0.00,5.35,-0.41,0.75,0.97,1.40,-1.18
0.16,5.41,-0.33,0.65,1.06,1.66,-1.18
-0.30,5.69,-0.16,0.54,1.22,1.84,-1.18
-1.33,5.78,-0.38,0.42,1.36,1.92,-1.26
-2.18,6.23,-0.75,0.31,1.47,1.96,-1.26
-3.41,7.45,-1.23,0.13,1.43,1.93,-1.21
-3.37,8.15,-1.22,-0.05,1.31,1.76,-1.21
-3.42,8.67,-1.53,-0.23,1.16,1.42,-1.21
-4.01,9.06,-1.92,-0.37,1.13,0.99,-1.21
-4.25,8.31,-2.09,-0.42,1.16,0.53,-1.21
-4.18,6.85,-2.59,-0.36,1.26,0.12,-1.07
-5.66,10.68,-6.15,0.34,1.46,-0.51,-1.07
-4.82,19.61,-9.53,0.76,1.07,-1.25,-1.07
-2.59,11.31,3.49,-0.61,-1.34,-1.26,-1.04
2.62,3.45,1.55,-0.08,-0.51,-0.77,-1.04
0.09,9.44,-3.25,0.24,0.21,-1.11,-1.02
-2.66,10.84,-1.85,0.20,0.38,-1.13,-1.02
-1.60,9.27,-1.94,0.12,0.22,-1.07,-1.02
-1.26,8.55,-1.23,0.17,0.39,-1.05,-1.02
-3.05,8.82,-1.53,0.20,0.63,-0.94,-1.02
-2.41,10.45,-2.27,0.27,0.29,-0.70,-1.14
-1.69,10.02,-2.89,0.25,0.03,-0.58,-1.14
-3.52,9.24,-2.10,0.22,0.09,-0.46,-1.14
-2.63,9.57,-2.18,0.20,0.18,-0.30,-0.98
-1.90,9.42,-2.86,0.22,0.27,-0.23,-0.98
-2.38,9.52,-2.48,0.20,0.22,-0.16,-1.04
-1.82,9.43,-2.43,0.24,0.07,-0.05,-1.04
-2.15,9.29,-2.66,0.25,-0.03,0.02,-1.04
-2.44,9.40,-2.89,0.23,-0.10,0.13,-1.04
-1.48,9.22,-2.96,0.20,-0.13,0.21,-1.04
-1.31,9.37,-3.17,0.16,-0.10,0.23,-0.99
-1.27,9.26,-3.26,0.15,-0.13,0.26,-0.99
-1.21,9.30,-3.48,0.12,-0.09,0.27,-0.99
-1.39,9.21,-3.31,0.06,-0.02,0.30,-0.99
-1.57,9.68,-2.88,0.01,-0.09,0.29,-0.99
-1.88,9.34,-2.37,-0.01,-0.13,0.31,-1.21
-1.07,9.22,-2.49,0.03,-0.22,0.36,-1.21
-0.79,9.36,-2.51,0.05,-0.19,0.37,-1.21
-0.62,9.40,-2.94,0.05,-0.15,0.36,-1.21
-0.63,9.34,-3.08,0.05,-0.17,0.34,-1.21
-1.14,9.28,-2.82,0.02,-0.20,0.35,-0.84
-0.03,9.04,-3.06,0.02,-0.20,0.34,-0.84
-0.48,9.18,-2.91,0.01,-0.14,0.28,-0.84
-0.29,9.21,-2.72,0.00,-0.09,0.26,-0.87
0.16,9.37,-3.07,0.00,-0.06,0.21,-0.87
-0.23,9.25,-2.76,-0.01,-0.05,0.14,-0.77
-0.39,9.33,-2.71,-0.02,-0.06,0.13,-0.77
-0.29,9.39,-2.66,-0.02,-0.07,0.09,-0.77
-0.02,9.33,-2.60,-0.03,-0.09,0.06,-1.11
-0.23,9.24,-2.73,-0.04,-0.08,0.01,-1.11
0.00,9.36,-2.57,-0.06,-0.15,-0.03,-1.11
0.66,9.39,-2.82,-0.04,-0.19,-0.10,-1.11
0.39,9.16,-2.99,-0.04,-0.14,-0.19,-1.11
-0.55,9.31,-2.77,-0.06,-0.08,-0.22,-0.87
-0.68,9.50,-2.77,-0.08,-0.14,-0.22,-0.87
-0.08,9.77,-2.57,-0.09,-0.28,-0.24,-1.19
0.21,9.67,-2.86,-0.09,-0.32,-0.30,-1.19
-1.10,9.75,-2.94,-0.13,-0.32,-0.33,-1.19
-1.34,10.40,-3.11,-0.19,-0.41,-0.26,-0.80
-0.57,9.60,-2.49,-0.20,-0.46,-0.25,-0.80
-0.06,10.27,-3.36,-0.24,-0.38,-0.31,-0.80
-1.50,10.51,-3.20,-0.31,-0.48,-0.30,-0.80
-0.50,10.94,-3.57,-0.43,-0.58,-0.28,-0.80
-0.38,11.85,-3.17,-0.48,-0.64,-0.25,-1.08
-0.30,13.66,-2.07,-0.53,-0.73,-0.24,-1.08
0.28,14.05,-0.63,-0.60,-0.93,-0.28,-1.10
1.33,13.33,-0.45,-0.67,-1.01,-0.31,-1.10
2.15,12.98,-1.56,-0.74,-0.85,-0.36,-1.10
1.64,12.92,-1.72,-0.79,-0.80,-0.34,-0.91
1.50,12.31,-1.51,-0.84,-0.92,-0.27,-0.91
2.51,10.60,-2.26,-0.86,-0.79,-0.30,-0.91
2.13,10.30,-4.00,-0.71,-0.11,-0.52,-0.91
1.57,11.15,-4.76,-0.60,0.72,-0.94,-0.91
-2.01,10.41,-2.75,-0.51,0.93,-1.42,-1.39
-4.75,11.71,-2.30,-0.31,0.66,-1.73,-1.39
-7.67,12.71,-2.76,-0.18,-0.41,-1.92,-1.17
-6.93,13.63,-3.04,-0.19,-1.23,-2.02,-1.17
-2.30,12.32,-3.23,-0.34,-1.76,-1.97,-1.17
-1.70,11.74,-2.16,-0.31,-1.82,-2.03,-1.31
-2.79,11.40,-1.28,-0.31,-1.75,-2.04,-1.31
-3.99,10.04,-0.41,-0.22,-1.51,-2.00,-1.31
-3.10,8.48,-0.27,-0.05,-1.13,-1.77,-1.31
-2.26,7.45,-0.15,0.12,-0.70,-1.53,-1.31
-1.42,6.91,0.33,0.34,-0.16,-1.28,-1.15
-1.09,6.68,0.78,0.52,0.32,-0.98,-1.15
-0.79,6.28,0.65,0.64,0.60,-0.63,-1.14
-1.95,5.46,0.54,0.74,0.67,-0.26,-1.14
-2.53,4.81,0.24,0.78,0.62,0.21,-1.14
-1.76,4.56,0.01,0.78,0.62,0.70,-1.25
-0.73,4.13,0.29,0.83,0.79,1.09,-1.25
-0.74,3.90,0.55,0.93,1.10,1.41,-1.25
-1.92,4.14,-0.06,0.96,1.32,1.72,-1.25
-2.57,4.32,0.18,0.87,1.26,2.04,-1.25
-3.14,4.96,0.22,0.81,1.21,2.24,-1.43
-4.20,5.93,0.06,0.72,1.18,2.32,-1.43
-4.94,6.67,-0.12,0.60,1.12,2.23,-1.51
-5.40,6.98,-0.58,0.44,1.08,2.09,-1.51
-5.28,7.49,-0.65,0.27,1.18,1.78,-1.51
-5.60,7.59,-1.06,0.12,1.45,1.39,-1.37
-6.16,7.41,-1.46,-0.02,1.56,1.02,-1.37
-6.77,6.64,-1.48,-0.13,1.30,0.69,-1.07
-6.73,6.48,-1.45,-0.19,0.90,0.50,-1.07
-5.86,6.88,-1.56,-0.25,0.53,0.31,-1.07
-4.75,6.72,-1.65,-0.29,0.31,0.14,-1.07
-9.26,18.33,-8.54,0.64,0.85,-0.75,-1.07
-4.91,13.13,-1.40,-0.46,-0.42,-1.28,-1.15
2.64,1.89,2.85,-0.57,-0.81,-0.51,-1.15
1.10,6.93,-2.85,0.34,0.39,-0.82,-1.15
-4.58,9.49,-1.18,0.35,0.42,-0.93,-1.36
-5.33,10.19,-2.26,0.27,0.40,-0.71,-1.36
-3.07,9.71,-3.06,0.21,0.24,-0.51,-1.37
-3.28,8.74,-2.99,0.25,0.24,-0.43,-1.37
-5.15,9.80,-1.95,0.20,0.12,-0.18,-1.37
-3.33,9.35,-3.49,0.13,0.03,0.00,-1.37
-2.80,9.45,-3.01,0.08,0.00,0.12,-1.37
-1.95,8.84,-2.89,0.10,0.14,0.14,-1.15
-2.43,9.15,-2.84,0.13,0.22,0.16,-1.15
-3.24,9.35,-2.70,0.12,0.17,0.26,-1.15
-2.96,9.30,-2.70,0.10,0.08,0.39,-1.43
-2.33,9.22,-2.29,0.12,0.00,0.47,-1.43
-2.25,9.34,-2.77,0.14,-0.06,0.50,-1.34
-2.16,9.29,-2.83,0.15,-0.15,0.54,-1.34
-2.06,9.28,-2.76,0.16,-0.22,0.59,-1.34
-1.36,9.24,-3.20,0.16,-0.27,0.61,-1.34
-1.12,9.16,-3.49,0.14,-0.26,0.59,-1.34
-1.22,9.29,-3.37,0.09,-0.27,0.59,-1.45
-0.51,8.99,-3.47,0.06,-0.28,0.57,-1.45
-0.43,9.22,-3.29,0.02,-0.22,0.52,-1.45
0.11,9.08,-3.27,-0.00,-0.14,0.42,-1.21
-0.65,9.10,-2.97,0.00,-0.04,0.34,-1.21
-0.33,9.12,-2.91,-0.01,-0.10,0.32,-1.49
-0.13,9.24,-3.17,-0.01,-0.08,0.25,-1.49
-0.39,9.35,-3.05,-0.03,-0.06,0.21,-1.49
-0.24,9.14,-2.96,-0.04,-0.04,0.16,-1.49
-0.45,9.36,-2.88,-0.03,-0.04,0.14,-1.49
-0.62,9.28,-2.92,-0.03,-0.04,0.11,-1.55
-0.28,9.33,-2.96,-0.04,-0.09,0.09,-1.55
0.12,9.22,-2.88,-0.04,-0.14,0.04,-1.55
0.64,9.18,-3.02,-0.04,-0.11,-0.06,-1.40
-0.41,9.26,-2.90,-0.04,-0.04,-0.11,-1.40
-0.43,8.98,-3.27,-0.03,0.04,-0.10,-1.65
-0.48,9.09,-3.06,-0.04,0.16,-0.09,-1.65
-1.52,10.18,-2.11,-0.08,0.06,-0.11,-1.65
-0.15,9.52,-2.40,-0.04,-0.14,-0.12,-1.65
1.21,9.31,-3.25,-0.04,-0.18,-0.25,-1.65
0.87,9.16,-3.30,-0.07,-0.17,-0.42,-1.36
-0.68,9.31,-3.24,-0.11,-0.21,-0.50,-1.36
-0.83,9.17,-2.85,-0.13,-0.27,-0.50,-1.36
-0.69,9.54,-2.93,-0.14,-0.32,-0.51,-1.45
-0.34,9.66,-2.84,-0.15,-0.32,-0.54,-1.45
-1.77,9.45,-3.16,-0.18,-0.22,-0.59,-1.29
-2.64,9.71,-3.00,-0.23,-0.26,-0.46,-1.29
-1.75,10.60,-2.60,-0.28,-0.31,-0.38,-1.29
-1.81,10.64,-2.94,-0.32,-0.40,-0.35,-1.66
-1.16,11.82,-4.36,-0.44,-0.37,-0.22,-1.66
-3.78,13.75,-2.93,-0.52,-0.41,-0.09,-1.66
-1.85,14.89,-1.33,-0.58,-0.84,0.15,-1.66
1.30,15.93,-0.33,-0.61,-1.12,0.05,-1.66
3.13,14.96,-0.02,-0.67,-1.31,-0.13,-1.54
5.07,13.80,-1.02,-0.75,-1.36,-0.35,-1.54
5.45,13.53,-2.01,-0.83,-1.26,-0.58,-1.52
3.94,12.06,-3.42,-0.79,-0.76,-0.86,-1.52
3.09,11.85,-4.50,-0.53,0.20,-1.06,-1.52
-0.27,11.00,-2.57,-0.46,0.70,-1.36,-1.62
-6.02,11.57,-2.73,-0.28,0.68,-1.75,-1.62
-7.52,12.95,-1.22,-0.39,-0.20,-1.90,-1.62
-9.90,11.64,-4.71,-0.15,-0.48,-2.46,-1.62
-6.62,12.67,-4.14,-0.08,-0.95,-2.38,-1.62
-4.54,11.45,-2.67,-0.34,-1.40,-2.28,-1.83
-4.32,9.61,-0.93,-0.44,-1.53,-2.16,-1.83
-3.24,7.89,-0.59,-0.31,-1.35,-1.95,-1.62
-2.93,6.71,-0.45,-0.21,-1.00,-1.72,-1.62
-3.67,5.72,-0.13,-0.03,-0.57,-1.54,-1.62
-3.02,5.48,-0.28,0.17,-0.10,-1.24,-1.76
-1.14,4.90,-0.09,0.31,0.39,-0.90,-1.76
-0.37,4.10,0.12,0.43,0.89,-0.60,-1.76
-0.97,3.52,-0.04,0.58,1.17,-0.33,-1.76
-2.13,3.28,-0.69,0.69,1.24,0.02,-1.76
-2.51,3.49,-0.87,0.73,1.17,0.44,-1.70
-2.17,3.63,-1.06,0.70,1.16,0.91,-1.70
-2.23,4.04,-0.82,0.65,1.02,1.32,-1.75
-2.07,4.35,-0.63,0.60,0.96,1.66,-1.75
-2.31,4.73,-0.63,0.53,0.98,1.92,-1.75
-2.38,5.06,-0.61,0.43,1.06,2.15,-1.82
-2.29,5.31,-0.72,0.33,1.17,2.31,-1.82
-2.64,5.91,-0.89,0.25,1.28,2.44,-1.82
-3.66,6.75,-1.01,0.15,1.24,2.47,-1.82
-4.76,7.73,-1.22,0.02,1.16,2.42,-1.82
-5.36,8.65,-1.56,-0.10,1.13,2.14,-1.95
-6.14,8.87,-2.12,-0.20,1.10,1.73,-1.95
-6.44,8.22,-2.13,-0.29,0.87,1.33,-1.72
-6.26,7.66,-2.03,-0.28,0.70,0.97,-1.72
-6.74,8.92,-3.20,-0.12,0.69,0.44,-1.72
-19.61,19.61,-9.38,0.75,0.93,-2.08,-1.65
-6.14,5.78,0.39,-0.68,-1.04,-0.99,-1.65
5.08,1.44,0.56,-0.07,-0.78,-0.73,-1.85
5.23,9.42,-2.23,0.35,0.10,-0.76,-1.85
-5.00,13.98,-3.88,0.40,0.48,-1.31,-1.85
-9.23,8.15,-1.55,0.05,-0.28,-0.96,-1.85
-2.60,6.76,-1.23,0.10,-0.32,-0.59,-1.85
-3.54,8.77,-2.55,0.21,0.33,-0.58,-1.65
-4.37,10.71,-3.17,0.22,0.33,-0.38,-1.65
-3.92,9.79,-3.48,0.16,0.15,-0.22,-1.65
-4.84,8.95,-2.56,0.11,0.14,-0.04,-1.75
-4.22,8.74,-2.46,0.09,0.11,0.17,-1.75
-3.42,9.04,-2.90,0.09,0.15,0.27,-1.88
-3.71,9.14,-2.73,0.09,0.17,0.35,-1.88
-3.73,9.27,-2.59,0.11,0.14,0.48,-1.88
-3.23,9.13,-2.71,0.11,0.10,0.57,-1.88
-3.20,9.04,-2.94,0.11,0.05,0.64,-1.88
-2.64,8.98,-3.05,0.09,-0.03,0.72,-1.87
-2.42,9.01,-3.02,0.07,-0.02,0.74,-1.87
-2.29,9.18,-3.17,0.03,-0.04,0.77,-1.87
-1.72,9.10,-3.17,0.01,-0.09,0.78,-1.78
-1.28,9.16,-3.28,-0.02,-0.14,0.77,-1.78
-1.13,9.13,-3.06,-0.05,-0.19,0.72,-1.87
-0.70,9.01,-2.95,-0.07,-0.20,0.68,-1.87
-0.04,8.89,-3.22,-0.08,-0.15,0.60,-1.87
-0.23,9.09,-2.78,-0.07,-0.08,0.48,-1.87
0.26,9.15,-2.61,-0.04,-0.09,0.37,-1.87
0.10,9.34,-2.72,-0.03,-0.13,0.26,-1.72
0.00,9.16,-2.82,-0.01,-0.14,0.15,-1.72
0.18,9.08,-2.87,-0.01,-0.17,0.07,-1.72
-0.16,9.51,-3.04,-0.03,-0.19,-0.03,-1.89
0.27,9.45,-3.16,-0.06,-0.26,-0.12,-1.89
1.05,9.15,-3.27,-0.09,-0.25,-0.27,-1.67
-0.83,9.18,-3.02,-0.08,-0.16,-0.38,-1.67
-2.51,9.41,-2.29,-0.11,-0.23,-0.29,-1.67
-1.00,9.61,-2.48,-0.12,-0.33,-0.23,-1.67
0.29,9.80,-3.12,-0.13,-0.33,-0.32,-1.67
-1.32,9.78,-3.30,-0.20,-0.31,-0.41,-1.78
-1.64,9.97,-2.86,-0.25,-0.45,-0.38,-1.78
-0.94,10.18,-2.77,-0.29,-0.59,-0.41,-1.78
-1.03,9.84,-2.61,-0.31,-0.59,-0.46,-1.65
-2.28,10.90,-3.49,-0.42,-0.42,-0.37,-1.65
-3.76,11.87,-2.89,-0.46,-0.38,-0.19,-1.72
-2.78,11.86,-2.19,-0.50,-0.69,0.00,-1.72
-0.13,14.63,-1.41,-0.55,-0.82,0.07,-1.72
0.59,15.94,-0.19,-0.59,-0.95,-0.09,-1.72
1.51,14.49,0.40,-0.66,-1.05,-0.13,-1.72
3.01,13.90,-0.32,-0.76,-1.08,-0.17,-1.73
4.17,12.71,-1.09,-0.83,-1.10,-0.23,-1.73
3.11,11.70,-2.73,-0.83,-0.87,-0.31,-1.73
2.12,10.53,-5.06,-0.68,-0.01,-0.63,-1.91
1.29,10.87,-4.95,-0.65,0.98,-1.12,-1.91
-4.10,10.64,-2.28,-0.46,1.16,-1.77,-2.31
-6.79,12.14,-2.91,-0.33,0.55,-1.94,-2.31
-8.49,11.70,-4.00,-0.11,-0.44,-2.14,-2.31
-6.15,12.90,-3.34,-0.02,-1.14,-2.10,-1.73
-2.79,12.27,-3.24,-0.13,-1.59,-1.89,-1.73
-2.64,10.41,-2.00,-0.17,-1.58,-1.86,-1.73
-3.80,9.90,-1.61,-0.13,-1.46,-1.88,-1.73
-4.22,9.03,-1.28,-0.03,-1.33,-1.73,-1.73
-3.04,7.68,-0.58,0.12,-1.09,-1.47,-1.76
-1.76,6.47,-0.10,0.29,-0.67,-1.20,-1.76
-0.68,5.73,0.69,0.52,-0.08,-0.93,-1.98
0.01,5.65,0.49,0.68,0.45,-0.71,-1.98
-1.45,5.39,0.19,0.82,0.81,-0.46,-1.98
-2.87,4.65,0.05,0.83,0.82,-0.02,-2.13
-2.30,4.28,-0.14,0.79,0.67,0.46,-2.13
-1.06,4.22,-0.30,0.76,0.76,0.90,-2.13
-0.76,4.01,-0.40,0.79,0.99,1.16,-2.13
-1.54,3.82,-0.32,0.81,1.24,1.43,-2.13
-1.79,3.97,-0.55,0.76,1.49,1.72,-2.16
-2.07,4.58,-0.63,0.70,1.75,1.97,-2.16
-3.35,5.48,-1.00,0.58,1.78,2.17,-2.16
-4.39,6.07,-1.03,0.43,1.63,2.29,-2.16
-5.57,6.88,-1.08,0.26,1.38,2.33,-2.16
-5.93,7.50,-1.28,0.07,1.15,2.22,-2.39
-6.14,7.81,-1.19,-0.04,1.15,1.86,-2.39
-6.37,7.58,-1.80,-0.09,1.26,1.36,-2.39
-7.41,6.79,-2.05,-0.10,1.05,1.01,-2.39
-8.37,5.48,-3.17,0.09,0.54,0.68,-2.39
-19.61,19.61,-3.74,0.29,-0.23,-1.62,-2.24
-6.45,7.10,0.30,-0.82,-1.02,-0.80,-2.24
10.32,0.33,0.77,-0.31,-0.60,-0.54,-2.04
5.36,9.50,-6.53,0.45,1.01,-0.94,-2.04
-7.20,13.91,-2.07,0.15,0.68,-1.41,-2.04
-7.86,8.59,-1.50,-0.03,-0.10,-0.91,-2.04
-2.67,7.05,-2.13,0.06,-0.15,-0.76,-2.04
-4.66,8.36,-1.90,0.12,-0.08,-0.54,-2.04
-2.43,9.50,-2.29,0.14,-0.01,-0.48,-2.04
-3.07,9.65,-3.14,0.05,0.39,-0.46,-2.04
-5.62,8.94,-2.26,0.06,0.19,-0.30,-2.21
-3.97,8.29,-1.97,0.06,0.03,-0.08,-2.21
-2.72,9.12,-3.00,0.10,0.06,-0.05,-2.20
-3.42,9.33,-2.79,0.11,0.10,-0.01,-2.20
-3.73,8.77,-2.64,0.10,0.12,0.06,-2.20
-3.42,8.94,-2.61,0.12,0.12,0.14,-2.12
-3.46,8.85,-2.57,0.14,0.11,0.22,-2.12
-3.73,8.96,-2.87,0.16,0.10,0.30,-2.12
-3.81,9.06,-2.76,0.15,0.03,0.42,-2.12
-3.18,9.04,-2.94,0.14,0.01,0.51,-2.12
-3.52,9.36,-2.84,0.13,-0.03,0.60,-1.88
-2.92,9.05,-2.96,0.13,-0.11,0.68,-1.88
-2.72,9.15,-3.06,0.12,-0.15,0.73,-1.97
-2.32,9.14,-3.48,0.09,-0.19,0.77,-1.97
-1.87,9.14,-3.39,0.06,-0.22,0.77,-1.97
-1.10,9.06,-3.47,0.02,-0.24,0.74,-2.16
-0.71,8.65,-3.35,-0.00,-0.20,0.66,-2.16
-0.57,9.04,-3.00,-0.01,-0.14,0.57,-2.37
-0.35,9.07,-3.07,-0.01,-0.14,0.46,-2.37
-0.60,9.13,-2.99,-0.02,-0.16,0.36,-2.37
-0.19,9.19,-3.09,-0.02,-0.20,0.26,-2.37
-0.15,9.15,-3.09,-0.02,-0.20,0.15,-2.37
-0.25,9.05,-2.95,-0.02,-0.19,0.04,-1.96
-0.83,9.43,-2.89,-0.02,-0.22,-0.04,-1.96
-0.26,9.17,-3.29,-0.04,-0.26,-0.09,-1.96
-1.53,9.22,-3.02,-0.06,-0.19,-0.15,-2.06
-2.01,9.25,-2.65,-0.08,-0.26,-0.09,-2.06
-0.86,9.53,-2.87,-0.08,-0.35,-0.08,-2.31
-0.51,9.50,-3.11,-0.10,-0.36,-0.16,-2.31
-1.22,9.36,-3.13,-0.12,-0.37,-0.24,-2.31
-1.32,10.07,-2.90,-0.16,-0.47,-0.25,-2.31
-0.51,9.84,-3.06,-0.20,-0.63,-0.33,-2.31
-0.81,9.90,-3.77,-0.28,-0.61,-0.44,-2.07
-2.34,10.96,-3.84,-0.42,-0.55,-0.39,-2.07
-2.31,11.35,-3.21,-0.49,-0.54,-0.28,-2.07
-2.21,12.34,-3.33,-0.61,-0.54,-0.16,-2.00
-1.47,14.15,-2.37,-0.68,-0.63,-0.12,-2.00
-1.28,14.94,-0.97,-0.71,-1.05,-0.05,-1.99
1.64,14.59,-0.57,-0.76,-1.28,-0.03,-1.99
5.48,15.36,-0.56,-0.88,-1.13,-0.25,-1.99
6.11,14.22,-1.39,-0.96,-0.84,-0.53,-1.99
4.97,12.31,-3.19,-0.91,-0.37,-0.74,-1.99
2.23,10.36,-6.16,-0.61,0.81,-1.12,-2.25
-0.93,11.67,-5.15,-0.51,1.40,-1.64,-2.25
-6.41,11.33,-3.56,-0.39,1.22,-1.98,-2.25
-7.84,11.95,-2.17,-0.40,0.30,-2.02,-2.40
-8.56,11.77,-3.99,-0.20,-0.28,-2.14,-2.40
-4.53,11.44,-2.72,-0.19,-1.14,-1.80,-2.39
-2.61,9.74,-2.05,-0.26,-1.35,-1.68,-2.39
-3.73,8.72,-1.51,-0.26,-1.32,-1.64,-2.39
-4.61,7.78,-1.33,-0.17,-1.09,-1.54,-2.39
-4.05,6.60,-1.09,-0.06,-0.75,-1.30,-2.39
-3.24,5.94,-0.24,0.07,-0.41,-1.06,-2.30
-2.43,5.99,-0.06,0.18,-0.09,-0.84,-2.30
-2.13,6.17,0.11,0.30,0.19,-0.65,-2.30
-2.75,5.47,0.20,0.41,0.38,-0.49,-2.23
-3.37,5.05,-0.08,0.47,0.46,-0.20,-2.23
-3.03,5.23,-0.35,0.52,0.47,0.24,-2.53
-2.38,5.22,-0.49,0.54,0.43,0.56,-2.53
-1.94,4.59,-0.60,0.59,0.49,0.81,-2.53
-1.90,4.38,-0.31,0.67,0.65,1.01,-2.53
-1.86,4.59,-0.27,0.69,0.91,1.26,-2.53
-1.94,4.90,0.01,0.65,1.20,1.50,-2.51
-3.05,5.02,-0.35,0.62,1.38,1.69,-2.51
-3.92,5.50,-0.45,0.50,1.30,1.94,-2.51
-3.90,6.13,-0.24,0.39,1.16,2.04,-2.36
-4.16,6.79,-0.32,0.29,1.12,2.01,-2.36
-5.67,7.72,-0.76,0.15,1.05,1.89,-2.59
-5.90,8.01,-0.96,0.00,0.97,1.69,-2.59
-6.18,7.65,-1.22,-0.09,0.98,1.33,-2.59
-6.06,7.18,-1.26,-0.13,0.99,0.93,-2.45
-5.85,6.58,-1.23,-0.14,0.92,0.57,-2.45
-8.26,8.00,-1.24,-0.04,0.78,0.17,-2.45
-19.61,18.29,-6.25,0.58,1.07,-1.73,-2.45
-6.72,7.11,0.33,-0.40,-0.65,-1.00,-2.45
6.98,3.22,0.35,-0.02,-0.48,-0.44,-2.57
1.04,11.37,-4.99,0.60,0.59,-1.03,-2.57
-8.63,10.35,-1.36,0.25,0.37,-1.11,-2.44
-5.75,7.95,-1.78,0.19,-0.27,-0.75,-2.44
-2.96,7.18,-2.34,0.28,-0.03,-0.64,-2.44
-5.26,9.46,-2.92,0.31,0.08,-0.51,-2.62
-3.96,9.76,-3.09,0.26,0.02,-0.35,-2.62
-4.62,8.56,-2.89,0.24,0.10,-0.25,-2.62
-5.33,9.27,-2.71,0.19,0.03,-0.06,-2.62
-3.72,8.59,-3.11,0.14,0.02,0.09,-2.62
-3.47,8.72,-3.37,0.14,0.14,0.11,-2.63
-4.04,9.14,-3.15,0.10,0.19,0.21,-2.63
-3.35,8.44,-3.37,0.08,0.22,0.28,-2.57
-3.95,9.04,-2.85,0.07,0.20,0.37,-2.57
-3.26,9.05,-2.93,0.06,0.12,0.45,-2.57
-2.95,9.02,-2.87,0.08,0.06,0.47,-2.47
-2.96,9.05,-2.90,0.10,-0.01,0.49,-2.47
-2.78,8.93,-3.10,0.11,-0.09,0.52,-2.47
-2.40,8.96,-3.27,0.09,-0.15,0.54,-2.47
-1.84,8.75,-3.23,0.07,-0.14,0.51,-2.47
-1.83,8.78,-3.30,0.05,-0.08,0.46,-2.49
-1.75,8.99,-3.38,0.02,-0.05,0.43,-2.49
-1.25,8.64,-3.47,-0.01,-0.01,0.38,-2.32
-1.83,8.84,-3.40,-0.05,0.08,0.34,-2.32
-2.41,8.95,-2.92,-0.06,0.07,0.35,-2.32
-1.77,9.09,-2.85,-0.06,-0.00,0.36,-2.58
-1.52,9.40,-2.97,-0.05,-0.04,0.33,-2.58
-1.27,9.32,-3.11,-0.04,-0.08,0.29,-2.58
-1.45,9.24,-3.17,-0.03,-0.14,0.26,-2.58
-1.46,9.11,-3.21,-0.03,-0.21,0.24,-2.58
-1.22,9.04,-3.20,-0.04,-0.23,0.21,-2.62
-1.16,9.06,-3.14,-0.05,-0.20,0.18,-2.62
-1.13,9.14,-3.10,-0.06,-0.23,0.12,-2.60
-0.83,9.06,-3.06,-0.07,-0.24,0.07,-2.60
-0.91,8.96,-2.88,-0.08,-0.20,-0.00,-2.60
-1.46,9.10,-2.77,-0.08,-0.20,-0.05,-2.49
-0.96,9.03,-2.86,-0.09,-0.24,-0.09,-2.49
-1.10,9.12,-2.98,-0.11,-0.23,-0.17,-2.49
-0.63,9.29,-3.12,-0.12,-0.24,-0.24,-2.49
-0.95,9.47,-3.17,-0.14,-0.29,-0.32,-2.49
-1.47,9.45,-3.04,-0.17,-0.30,-0.37,-2.57
-2.44,9.85,-3.00,-0.20,-0.33,-0.35,-2.57
-2.10,10.49,-3.19,-0.25,-0.41,-0.30,-2.73
-1.60,11.11,-3.74,-0.30,-0.38,-0.29,-2.73
-2.68,11.76,-4.14,-0.44,-0.38,-0.23,-2.73
-2.90,11.82,-3.66,-0.55,-0.52,-0.06,-2.58
-3.28,14.00,-2.61,-0.66,-0.71,0.10,-2.58
-0.14,15.59,0.05,-0.62,-0.88,0.11,-2.71
1.15,15.18,0.92,-0.60,-1.02,-0.02,-2.71
3.39,14.38,0.41,-0.69,-1.15,-0.17,-2.71
5.41,13.91,-1.55,-0.82,-1.09,-0.38,-2.71
5.28,12.41,-2.75,-0.89,-0.89,-0.60,-2.71
2.07,10.65,-4.16,-0.74,-0.12,-0.90,-2.86
0.03,11.33,-5.09,-0.54,0.67,-1.16,-2.86
-2.54,10.67,-3.15,-0.49,0.86,-1.41,-2.86
-5.61,11.32,-3.53,-0.34,0.68,-1.83,-2.92
-6.15,11.82,-1.77,-0.35,-0.07,-1.98,-2.92
-7.64,11.98,-4.44,-0.10,-0.31,-2.37,-2.82
-5.92,13.30,-4.53,-0.15,-0.77,-2.21,-2.82
-4.05,11.19,-3.22,-0.32,-1.16,-2.00,-2.82
-4.11,9.20,-1.73,-0.27,-1.26,-1.87,-2.82
-4.68,7.99,-1.46,-0.18,-1.12,-1.82,-2.82
-5.16,7.37,-1.28,0.03,-0.80,-1.58,-3.05
-3.52,6.27,-1.24,0.20,-0.45,-1.21,-3.05
-2.13,5.31,-0.31,0.34,-0.07,-0.85,-3.05
-1.02,4.63,0.43,0.45,0.33,-0.53,-3.06
-0.62,4.41,0.44,0.58,0.74,-0.17,-3.06
-1.43,4.40,-0.13,0.65,0.95,0.23,-3.17
-2.13,3.96,-0.08,0.58,0.92,0.65,-3.17
-1.44,3.72,0.29,0.52,0.93,1.12,-3.17
-0.94,3.60,0.07,0.49,1.11,1.48,-3.17
-1.46,3.74,-0.05,0.48,1.33,1.76,-3.17
-2.74,4.09,-0.32,0.44,1.44,2.06,-2.94
-2.88,4.32,-0.28,0.37,1.41,2.27,-2.94
-3.61,5.11,-0.54,0.31,1.36,2.36,-2.94
-4.46,6.10,-0.96,0.23,1.26,2.39,-3.03
-5.34,6.63,-1.52,0.08,1.08,2.38,-3.03
-5.59,7.18,-1.58,-0.03,0.99,2.18,-3.15
-5.76,7.39,-1.48,-0.07,1.13,1.78,-3.15
-5.77,7.40,-1.87,-0.06,1.40,1.26,-3.15
-6.08,7.05,-2.20,-0.04,1.52,0.80,-3.15
-6.70,6.05,-2.15,-0.05,1.34,0.45,-3.15
-6.24,4.78,-1.89,-0.02,0.89,0.30,-2.85
-9.97,9.60,-1.26,0.16,0.40,-0.18,-2.85
-15.92,19.61,-7.64,0.54,0.16,-1.61,-2.85
1.95,1.98,3.66,-0.96,-1.65,-0.46,-2.93
8.00,6.66,-5.24,0.44,0.12,-0.71,-2.93
-4.66,9.92,-0.94,0.54,0.79,-1.25,-3.01
-11.16,10.28,-2.52,0.24,0.45,-0.95,-3.01
-3.22,7.76,-3.64,0.14,-0.10,-0.45,-3.01
-3.66,9.66,-3.18,0.10,0.13,-0.41,-2.67
-4.73,9.43,-2.07,0.08,0.16,-0.15,-2.67
-2.87,9.22,-3.60,0.05,0.19,-0.05,-2.64
-3.44,9.49,-3.19,0.00,0.20,0.06,-2.64
-2.86,8.59,-2.74,0.01,0.29,0.14,-2.64
-2.85,9.17,-2.72,0.02,0.30,0.19,-3.09
-2.80,9.21,-2.74,0.03,0.21,0.26,-3.09
-2.99,9.29,-2.47,0.03,0.10,0.31,-3.08
-2.20,8.83,-2.47,0.07,0.02,0.37,-3.08
-2.12,9.42,-2.94,0.11,-0.07,0.38,-3.08
-2.47,9.20,-2.90,0.11,-0.19,0.41,-2.88
-2.02,9.07,-2.90,0.10,-0.28,0.46,-2.88
-1.66,9.07,-3.16,0.08,-0.32,0.44,-2.88
-1.67,9.16,-3.08,0.06,-0.30,0.43,-2.88
-1.15,9.24,-3.25,0.05,-0.29,0.42,-2.88
-0.57,9.16,-3.50,0.04,-0.28,0.38,-2.85
-1.95,9.13,-3.35,-0.00,-0.26,0.33,-2.85
-1.48,8.83,-3.07,-0.04,-0.32,0.37,-3.01
-0.68,9.14,-3.11,-0.07,-0.30,0.35,-3.01
-0.90,9.15,-3.00,-0.06,-0.20,0.27,-3.01
-0.46,9.06,-2.77,-0.03,-0.17,0.24,-2.82
-0.69,9.21,-2.78,-0.02,-0.14,0.18,-2.82
-0.93,9.33,-2.91,-0.03,-0.18,0.12,-2.82
-0.64,9.13,-2.85,-0.03,-0.25,0.08,-2.82
-0.78,9.40,-2.85,-0.02,-0.28,0.04,-2.82
-0.85,9.44,-3.05,-0.03,-0.30,-0.02,-2.90
-0.32,9.39,-3.30,-0.07,-0.36,-0.07,-2.90
-0.11,9.32,-2.89,-0.09,-0.36,-0.17,-3.11
-0.96,9.41,-3.00,-0.11,-0.31,-0.27,-3.11
-1.62,9.61,-2.79,-0.15,-0.37,-0.28,-3.11
-0.87,9.64,-2.99,-0.18,-0.51,-0.30,-3.27
-0.81,9.63,-3.32,-0.22,-0.54,-0.38,-3.27
-1.08,9.65,-3.28,-0.30,-0.54,-0.41,-3.27
-1.69,10.28,-2.87,-0.35,-0.49,-0.40,-3.27
-1.66,10.20,-2.22,-0.37,-0.47,-0.39,-3.27
-1.17,12.02,-3.52,-0.49,-0.27,-0.39,-3.13
-3.74,13.71,-3.01,-0.53,-0.39,-0.30,-3.13
-2.42,14.64,-1.58,-0.57,-0.77,-0.10,-2.80
-0.96,14.59,-0.27,-0.61,-1.10,0.00,-2.80
1.73,14.57,-0.07,-0.66,-1.22,-0.03,-2.80
2.76,13.38,-0.57,-0.76,-1.14,-0.12,-3.17
2.75,12.38,-1.44,-0.82,-1.12,-0.21,-3.17
2.38,10.34,-3.26,-0.79,-0.91,-0.36,-3.17
1.88,9.96,-5.53,-0.54,-0.14,-0.71,-3.17
-0.74,10.79,-4.47,-0.44,0.36,-1.36,-3.17
-5.51,11.08,-2.77,-0.27,0.33,-1.82,-3.11
-7.38,12.18,-3.22,-0.28,-0.37,-2.01,-3.11
-7.16,11.24,-4.24,-0.24,-1.32,-2.20,-3.39
-4.38,11.88,-3.29,-0.32,-1.51,-2.23,-3.39
-2.02,11.54,-2.52,-0.46,-1.60,-2.21,-3.39
-2.67,9.72,-0.83,-0.62,-1.56,-2.15,-2.95
-2.74,7.75,-0.10,-0.68,-1.37,-2.01,-2.95
-2.16,5.54,0.11,-0.51,-0.85,-1.75,-3.17
-1.46,4.27,0.22,-0.30,-0.20,-1.46,-3.17
-0.66,3.98,0.62,-0.06,0.51,-1.10,-3.17
0.39,3.73,0.59,0.12,1.16,-0.69,-3.17
0.66,3.42,0.29,0.27,1.63,-0.29,-3.17
-0.22,3.34,0.22,0.40,1.86,0.16,-3.20
-1.42,3.35,-0.26,0.48,1.82,0.59,-3.20
-2.18,3.71,-0.54,0.47,1.57,1.15,-3.20
-2.32,4.41,-0.59,0.40,1.14,1.76,-3.37
-2.09,5.05,-0.56,0.34,0.72,2.31,-3.37
-1.76,5.46,-0.39,0.34,0.47,2.81,-3.39
-1.51,6.09,-0.31,0.38,0.40,3.19,-3.39
-1.63,6.72,-0.41,0.43,0.37,3.52,-3.39
-1.95,7.54,-0.54,0.48,0.37,3.87,-3.39
-1.83,8.26,-0.65,0.57,0.45,4.14,-3.39
-1.07,9.50,-1.07,0.65,0.78,4.30,-3.32
-1.20,11.31,-1.55,0.70,1.21,4.29,-3.32
-2.95,13.95,-2.30,0.70,1.42,4.17,-3.32
-4.45,15.60,-2.37,0.49,1.12,3.85,-3.05
-5.41,14.42,-2.31,0.29,0.69,3.26,-3.05
-5.73,11.06,-2.68,0.33,0.41,2.44,-3.21