-0.09,9.71,-2.52,-0.26,-0.26,-0.45,-2.90
0.08,10.04,-2.38,-0.28,-0.33,-0.52,-2.90
0.15,10.00,-2.38,-0.31,-0.41,-0.62,-3.12
0.25,10.30,-2.15,-0.33,-0.52,-0.75,-3.12
0.47,11.10,-2.09,-0.34,-0.68,-0.89,-3.25
0.88,12.46,-2.19,-0.39,-0.79,-1.03,-3.25
2.29,13.50,-1.88,-0.43,-0.87,-1.25,-3.25
2.81,14.06,-1.31,-0.48,-0.85,-1.52,-3.25
2.09,14.56,-0.80,-0.53,-0.70,-1.71,-3.25
0.35,13.09,-1.27,-0.62,-0.61,-1.71,-3.33
0.36,9.96,-2.40,-0.58,-0.14,-1.54,-3.33
-1.98,6.31,-1.75,-0.43,0.59,-1.48,-3.33
-6.12,4.81,-3.16,-0.00,0.98,-1.32,-3.23
-5.19,5.33,-3.00,0.08,0.53,-0.65,-3.23
-3.84,4.43,-1.53,-0.06,-0.19,0.07,-3.40
-2.83,3.62,-0.62,-0.06,-0.50,0.66,-3.40
-2.25,3.68,-1.78,0.15,-0.52,1.09,-3.40
-0.20,4.86,-2.05,0.20,-0.53,1.59,-3.40
0.38,5.54,-1.52,0.27,-0.41,1.88,-3.40
0.07,6.37,-1.55,0.41,-0.19,2.10,-3.27
-0.25,7.19,-1.27,0.47,0.02,2.27,-3.27
-0.94,8.14,-0.71,0.52,0.16,2.39,-3.27
-1.55,9.00,-0.37,0.59,0.15,2.46,-3.52
-1.74,9.26,-0.78,0.59,0.07,2.52,-3.52
-1.98,9.62,-1.31,0.55,-0.05,2.45,-3.11
-2.47,9.72,-1.34,0.47,-0.21,2.32,-3.11
-2.67,9.80,-1.55,0.34,-0.45,2.10,-3.11
-1.87,9.29,-1.49,0.22,-0.58,1.83,-3.21
-1.39,8.33,-1.55,0.23,-0.56,1.49,-3.21
-1.08,7.27,-1.28,0.33,-0.46,1.12,-3.21
-0.80,7.40,-0.92,0.41,-0.46,0.82,-3.21
-0.28,8.17,-0.72,0.37,-0.47,0.58,-3.21
0.36,8.57,-0.92,0.27,-0.47,0.39,-3.36
0.48,8.58,-0.98,0.20,-0.58,0.23,-3.36
0.42,8.27,-0.58,0.07,-0.79,0.12,-3.15
1.13,7.96,-0.73,-0.02,-0.87,0.00,-3.15
2.01,9.75,-0.87,-0.09,-1.01,-0.21,-3.15
2.28,10.41,-0.98,-0.12,-0.82,-0.46,-3.09
-4.20,5.43,-7.80,1.06,-0.68,-1.51,-3.09
-2.34,14.52,11.62,-0.54,-1.33,-1.94,-3.09
19.61,15.09,-6.87,0.31,0.17,-1.13,-3.09
9.22,10.11,-9.25,0.84,1.65,-2.29,-3.09
1.11,19.23,-4.30,0.41,1.49,-2.26,-2.98
-2.03,19.13,2.45,0.11,1.40,-2.05,-2.98
2.21,11.92,-3.00,0.36,0.64,-2.16,-3.02
-7.91,9.19,-5.95,0.19,0.83,-1.95,-3.02
-10.46,7.46,-4.97,-0.04,-0.06,-0.93,-3.02
-6.18,8.32,-3.30,-0.15,-0.15,-0.09,-3.21
-1.53,9.74,-2.52,-0.14,0.24,0.21,-3.21
-1.34,11.07,-1.85,-0.16,0.34,0.11,-3.21
-0.71,9.96,-1.76,-0.07,0.08,0.14,-3.21
-1.04,9.09,-2.78,-0.04,-0.14,0.15,-3.21
-0.59,8.71,-3.07,-0.04,-0.18,0.16,-3.11
-0.23,8.91,-2.85,-0.04,-0.18,0.15,-3.11
-0.05,9.08,-2.47,-0.02,-0.09,0.08,-3.06
0.08,9.06,-2.64,-0.01,-0.02,-0.02,-3.06
0.35,9.23,-3.08,-0.03,-0.02,-0.11,-3.06
0.45,9.14,-3.40,-0.07,-0.05,-0.25,-3.04
-0.27,9.33,-2.63,-0.15,-0.10,-0.38,-3.04
2.72,9.10,-2.18,-0.08,-0.20,-0.56,-3.04
1.48,9.54,-3.29,-0.03,-0.02,-0.80,-3.04
-2.69,9.17,-2.53,-0.05,0.00,-0.85,-3.04
-2.53,9.20,-2.50,-0.08,-0.24,-0.71,-3.07
-0.68,9.47,-2.90,-0.13,-0.35,-0.77,-3.07
1.10,8.73,-2.80,-0.14,-0.24,-1.04,-2.74
0.46,8.60,-2.24,-0.04,-0.20,-1.25,-2.74
-1.73,9.26,-2.21,-0.01,-0.26,-1.37,-2.74
-2.50,10.13,-2.54,-0.05,-0.54,-1.45,-2.72
1.37,8.86,-2.78,-0.07,-0.76,-1.62,-2.72
-4.26,7.36,-2.26,0.05,-0.50,-1.89,-2.72
-6.82,9.38,-1.12,0.02,-0.72,-1.63,-2.72
-1.01,10.36,-2.56,-0.07,-0.93,-1.61,-2.72
-1.35,8.63,-2.48,-0.13,-0.78,-1.92,-2.87
-8.47,5.70,-2.16,-0.04,-0.69,-1.95,-2.87
-5.72,8.77,-1.58,-0.17,-1.19,-1.50,-2.59
-3.56,8.06,-2.38,-0.13,-0.96,-1.71,-2.59
-4.88,11.39,-2.91,-0.26,-1.29,-1.77,-2.59
-4.04,9.66,-2.58,-0.32,-1.24,-1.98,-2.72
-5.99,13.40,-2.79,-0.50,-1.18,-1.95,-2.72
-5.63,13.13,-1.91,-0.78,-0.75,-2.06,-2.82
-5.62,14.78,-2.25,-1.02,-0.53,-2.00,-2.82
-4.70,13.68,-2.36,-1.16,-0.24,-1.90,-2.82
-5.12,12.21,-2.57,-1.20,0.08,-1.65,-2.82
-5.80,8.22,-3.27,-1.21,0.59,-1.39,-2.82
-8.79,3.91,-4.90,-0.94,1.07,-1.39,-3.16
-8.44,2.49,-5.46,-0.60,1.45,-1.14,-3.16
-7.94,0.58,-4.93,-0.28,1.17,-0.90,-3.16
-7.07,0.08,-4.24,0.01,0.59,-0.39,-2.98
-3.59,-0.27,-2.10,0.01,-0.37,0.55,-2.98
-1.16,-0.20,-0.54,0.04,-0.84,1.52,-2.93
-0.41,1.00,-0.66,0.33,-0.60,1.96,-2.93
1.26,2.78,-0.30,0.44,-0.35,2.47,-2.93
1.01,3.11,0.05,0.60,0.08,2.78,-2.93
-0.12,3.90,0.00,0.73,0.55,3.08,-2.93
-1.47,5.31,-0.30,0.76,0.84,3.42,-3.01
-2.23,6.73,0.03,0.69,0.83,3.67,-3.01
-3.23,8.43,0.14,0.61,0.78,3.83,-3.01
-4.43,9.39,0.04,0.57,0.62,3.92,-2.93
-4.39,9.77,-0.33,0.48,0.46,4.02,-2.93
-3.43,9.82,-0.53,0.39,0.27,4.05,-3.08
-3.35,11.68,-1.77,0.33,0.21,4.06,-3.08
-3.75,12.46,-2.42,0.32,0.34,3.84,-3.08
-4.03,12.07,-1.85,0.39,0.31,3.44,-3.08
-4.29,12.49,-1.63,0.43,0.11,3.07,-3.08
-3.79,12.90,-1.76,0.34,-0.30,2.72,-3.07
-2.05,11.64,-1.81,0.18,-0.60,2.39,-3.07
-0.09,9.84,-1.75,0.18,-0.68,1.96,-3.07
0.39,9.70,-1.61,0.30,-0.58,1.54,-2.86
0.14,9.61,-1.36,0.27,-0.53,1.15,-2.86
0.96,7.73,-0.67,0.13,-0.45,0.68,-2.65
1.09,7.39,-0.61,0.06,-0.33,0.29,-2.65
1.17,8.73,-1.07,0.03,-0.20,0.02,-2.65
1.84,8.39,-1.69,-0.06,-0.21,-0.26,-2.65
1.92,6.19,-0.74,-0.12,-0.23,-0.57,-2.65
1.29,6.86,-0.10,-0.14,-0.43,-0.80,-2.69
0.93,8.82,0.23,-0.25,-0.84,-0.93,-2.69
-4.01,4.95,-0.10,0.76,-1.31,-1.60,-2.69
-7.88,19.48,12.98,-0.93,0.29,-2.34,-2.54
19.61,19.61,-12.90,0.02,0.55,-1.09,-2.54
10.23,9.36,-11.66,0.70,3.22,-2.82,-2.86
5.33,19.61,5.07,-0.54,1.93,-2.39,-2.86
2.96,5.72,0.24,0.93,1.54,-3.53,-2.86
-15.41,3.58,-6.76,0.35,2.31,-2.58,-2.86
-13.98,6.35,-7.15,0.04,-0.03,-0.95,-2.86
-8.59,11.64,-3.05,-0.32,-0.67,0.36,-2.63
2.43,11.47,-1.62,-0.30,-0.34,0.43,-2.63
1.32,10.36,-1.41,-0.18,0.39,-0.05,-2.63
-2.32,8.88,-1.33,-0.09,0.32,-0.10,-2.72
-2.89,8.88,-2.49,-0.07,-0.38,0.15,-2.72
-0.63,8.96,-3.21,-0.10,-0.76,0.27,-2.64
1.65,8.48,-2.51,-0.07,-0.56,0.15,-2.64
1.99,9.04,-2.24,-0.01,-0.21,-0.09,-2.64
0.84,9.12,-2.49,-0.01,-0.07,-0.33,-2.68
1.36,8.66,-2.69,-0.00,-0.03,-0.53,-2.68
1.66,9.04,-2.66,-0.00,-0.04,-0.79,-2.68
0.31,9.56,-2.31,0.01,-0.08,-0.97,-2.68
-1.28,9.39,-2.17,0.04,-0.12,-1.03,-2.68
-1.58,9.33,-2.62,0.02,-0.24,-1.07,-2.67
-0.67,9.28,-2.49,-0.01,-0.33,-1.18,-2.67
1.38,8.91,-2.58,0.12,-0.32,-1.31,-2.58
-0.45,8.42,-2.65,0.14,-0.15,-1.54,-2.58
-4.25,8.22,-1.30,0.12,-0.12,-1.59,-2.58
-4.49,9.75,-2.17,0.08,-0.47,-1.49,-2.44
-0.43,8.92,-2.39,0.03,-0.94,-1.58,-2.44
-2.68,6.66,-1.98,0.20,-0.58,-1.86,-2.44
-5.61,8.51,-1.97,0.09,-0.58,-1.70,-2.44
-5.19,10.31,-3.18,0.05,-0.74,-1.67,-2.44
-2.10,8.07,-2.20,-0.08,-1.07,-1.77,-2.40
-3.77,3.68,-2.12,-0.06,-1.03,-1.89,-2.40
-9.16,8.93,-1.84,-0.09,-1.19,-1.71,-2.57
-4.91,13.05,-3.46,-0.22,-1.52,-1.62,-2.57
-4.78,13.21,-4.67,-0.32,-1.65,-1.97,-2.57
-4.00,16.48,-2.87,-0.66,-1.71,-2.09,-2.54
-5.65,17.88,-1.49,-0.93,-1.35,-2.32,-2.54
-3.18,17.17,-1.45,-1.19,-0.73,-2.26,-2.54
-4.54,13.70,-3.27,-1.38,0.31,-2.00,-2.54
-5.64,8.20,-3.86,-1.53,0.91,-1.43,-2.54
-6.38,3.09,-4.92,-1.18,1.36,-1.11,-2.54
-9.87,-0.35,-3.14,-0.87,1.57,-1.17,-2.54
-10.56,-1.13,-2.98,-0.44,0.85,-0.66,-2.60
-5.31,-0.99,-2.84,-0.28,-0.00,0.35,-2.60
-1.03,-0.54,-1.89,-0.11,-0.77,1.27,-2.60
-0.38,-0.19,-0.12,0.10,-1.08,1.82,-2.50
-0.57,1.52,0.15,0.48,-0.85,2.20,-2.50
0.34,3.66,0.57,0.63,-0.50,2.65,-2.50
-0.08,4.32,1.06,0.78,-0.04,2.79,-2.50
-0.71,5.05,0.35,0.89,0.52,2.95,-2.50
-1.38,5.88,-0.38,0.97,1.02,3.16,-2.70
-2.25,7.16,-1.24,0.95,1.26,3.35,-2.70
-3.34,8.73,-1.84,0.88,1.09,3.50,-2.93
-4.07,9.81,-1.88,0.79,0.64,3.62,-2.93
-4.32,10.51,-2.11,0.67,0.07,3.78,-2.93
-4.23,10.67,-2.15,0.54,-0.39,3.89,-2.61
-4.01,10.17,-2.23,0.45,-0.81,3.86,-2.61
-3.13,10.23,-2.05,0.41,-0.91,3.73,-2.61
-2.77,10.93,-1.73,0.38,-0.84,3.52,-2.61
-2.26,11.67,-1.78,0.37,-0.67,3.18,-2.61
-1.57,11.07,-1.74,0.38,-0.35,2.73,-2.65
-1.36,10.73,-1.65,0.40,-0.04,2.23,-2.65
-1.32,9.80,-1.63,0.32,0.03,1.73,-2.54
-0.69,8.49,-1.23,0.27,0.05,1.35,-2.54
-0.13,8.16,-1.00,0.31,0.10,0.93,-2.54
0.35,8.17,-0.91,0.31,0.17,0.54,-2.56
1.22,8.37,-1.33,0.27,0.31,0.22,-2.56
1.57,8.36,-1.45,0.21,0.45,-0.07,-2.48
0.77,7.97,-1.36,0.17,0.41,-0.31,-2.48
-0.22,8.91,-1.35,0.14,0.09,-0.50,-2.48
-0.11,11.38,-1.65,0.09,-0.63,-0.65,-2.48
0.41,10.77,-1.18,-0.08,-1.26,-0.90,-2.48
0.10,6.73,-0.30,0.24,-1.56,-1.22,-2.43
-4.35,10.46,-19.61,0.28,0.95,-2.93,-2.43
15.53,17.97,-3.02,0.48,-0.11,-2.33,-2.43
19.61,5.57,-6.48,0.56,3.14,-2.78,-2.30
5.34,19.61,-6.11,0.16,1.80,-2.15,-2.30
0.23,19.61,7.56,0.22,1.08,-3.39,-2.22
-6.80,2.74,-4.86,0.37,1.40,-2.87,-2.22
-12.56,7.27,-7.02,0.15,0.24,-2.07,-2.22
-13.07,7.96,-4.16,-0.12,-0.75,-0.64,-2.22
-3.34,8.01,-1.62,-0.21,-0.68,0.10,-2.22
0.91,11.60,-3.61,-0.10,0.23,0.05,-2.55
-1.23,11.79,-3.17,-0.10,0.24,-0.09,-2.55
-2.41,9.00,-2.83,-0.09,0.07,0.04,-2.55
-2.46,9.10,-2.80,-0.11,-0.18,0.23,-2.53
-1.32,9.51,-2.62,-0.14,-0.40,0.31,-2.53
0.68,8.30,-2.53,-0.09,-0.30,0.21,-2.30
0.84,8.37,-3.02,-0.08,-0.11,0.05,-2.30
1.00,8.67,-3.62,-0.10,-0.07,-0.13,-2.30
1.54,8.65,-3.29,-0.11,-0.17,-0.35,-2.30
1.24,8.65,-2.65,-0.14,-0.16,-0.65,-2.30
0.80,8.18,-1.89,-0.14,-0.13,-1.05,-2.37
1.73,8.36,-0.73,0.01,-0.14,-1.31,-2.37
2.82,11.17,-3.85,0.09,-0.18,-1.52,-2.37
-3.12,10.27,-2.80,0.05,-0.19,-1.84,-2.15
-1.52,7.62,-2.91,0.00,-0.39,-1.80,-2.15
-4.83,7.17,-2.60,0.00,-0.31,-1.83,-2.28
-4.21,6.79,-1.98,0.01,-0.49,-1.75,-2.28
-1.79,11.24,-2.91,0.01,-0.67,-1.76,-2.28
-1.66,8.33,-3.73,0.00,-0.75,-2.06,-2.28
-5.66,7.45,-2.39,-0.05,-0.70,-2.04,-2.28
-5.92,8.17,-2.03,-0.07,-0.76,-1.89,-2.29
-3.10,6.90,-1.49,-0.15,-0.89,-1.86,-2.29
-6.91,4.88,-3.19,-0.02,-0.86,-2.01,-2.29
-6.90,10.81,-3.95,-0.11,-1.49,-1.79,-2.22
-5.18,16.86,-4.01,-0.26,-1.77,-2.03,-2.22
-0.06,16.21,-1.79,-0.56,-1.68,-2.52,-2.39
-7.72,15.51,-1.04,-0.80,-1.14,-2.81,-2.39
-4.17,17.20,-1.08,-1.11,-0.96,-2.66,-2.39
-3.39,15.04,-2.18,-1.20,-0.22,-2.53,-2.29
-5.73,10.50,-3.75,-1.30,0.50,-2.08,-2.29
-8.26,5.37,-4.44,-1.30,0.91,-1.78,-2.25
-8.07,2.07,-5.44,-0.99,1.63,-1.43,-2.25
-8.97,-1.94,-3.00,-1.00,1.36,-1.32,-2.25
-11.48,-2.43,-3.91,-0.77,0.99,-1.00,-2.46
-4.88,-0.51,-4.21,-0.76,0.39,0.17,-2.46
-1.28,-0.02,-2.00,-0.78,-0.73,1.32,-2.14
-2.02,-0.33,-0.66,-0.63,-0.95,1.81,-2.14
-1.39,1.19,0.05,-0.39,-0.84,2.36,-2.14
0.23,2.85,0.67,-0.23,-0.49,2.86,-2.19
-0.29,3.37,0.96,-0.03,0.10,3.08,-2.19
-1.35,3.96,0.13,0.13,0.68,3.34,-2.19
-1.00,4.43,-0.38,0.22,1.10,3.60,-2.19
-1.74,5.55,-1.03,0.34,1.46,3.77,-2.19
-3.65,7.03,-1.66,0.42,1.49,3.89,-2.30
-4.87,8.29,-1.98,0.44,0.97,4.04,-2.30
-5.42,9.48,-2.11,0.41,0.26,4.22,-2.30
-5.95,10.33,-1.92,0.32,-0.35,4.36,-2.30
-5.57,10.54,-1.66,0.26,-0.85,4.37,-2.30
-3.83,10.30,-1.88,0.36,-0.86,4.17,-2.39
-3.21,10.61,-2.01,0.52,-0.55,3.74,-2.39
-3.61,11.39,-1.27,0.57,-0.37,3.14,-2.39
-3.62,10.93,-0.79,0.53,-0.29,2.54,-2.39
-3.08,9.63,-0.14,0.45,-0.27,2.00,-2.39
-2.39,8.75,0.05,0.42,-0.49,1.52,-2.18
-1.26,9.04,-0.07,0.39,-0.66,1.19,-2.18
-0.40,9.60,-0.37,0.30,-0.67,0.90,-2.06
1.09,9.04,-0.71,0.18,-0.39,0.64,-2.06
1.52,8.85,-0.76,0.19,-0.14,0.30,-2.06
0.81,9.71,-0.56,0.18,-0.09,-0.01,-1.99
0.08,11.29,-0.26,0.12,-0.35,-0.33,-1.99
-0.64,10.30,-0.63,0.03,-0.84,-0.60,-1.99
-1.73,10.20,-0.14,0.01,-1.23,-0.76,-1.99
-11.89,9.51,-19.61,0.79,0.77,-3.26,-1.99
1.95,17.07,-2.83,0.09,-1.93,-1.67,-2.08
19.61,6.95,-0.19,0.49,1.17,-1.29,-2.08
15.18,13.35,-14.18,1.08,2.71,-2.22,-2.02
3.70,19.61,4.83,-0.42,2.20,-3.19,-2.02
-7.03,6.18,-0.92,0.70,1.26,-3.23,-2.02
-8.44,0.58,-4.57,0.64,0.71,-2.69,-2.23
-12.85,6.58,-5.40,0.28,-0.08,-1.35,-2.23
-9.64,12.16,-4.00,-0.13,-0.98,-0.09,-2.23
4.12,10.84,-3.12,-0.06,-0.79,0.06,-2.23
3.11,10.12,-4.44,0.03,0.26,-0.63,-2.23
-4.00,9.17,-3.46,-0.01,0.46,-0.66,-1.97
-4.11,8.75,-2.94,-0.11,-0.14,-0.29,-1.97
-2.57,9.14,-3.15,-0.20,-0.47,-0.06,-2.26
-0.64,9.25,-2.74,-0.21,-0.35,-0.09,-2.26
-0.06,8.88,-2.14,-0.16,-0.06,-0.25,-2.26
-1.16,8.96,-2.33,-0.09,0.04,-0.37,-1.85
-1.19,9.09,-2.43,-0.07,-0.15,-0.43,-1.85
-0.01,8.96,-3.07,-0.06,-0.26,-0.56,-1.91
0.37,8.82,-3.10,-0.06,-0.24,-0.75,-1.91
-0.71,8.83,-2.66,-0.05,-0.15,-0.94,-1.91
-1.19,8.81,-2.13,-0.02,-0.21,-1.07,-1.91
-1.81,9.16,-2.83,-0.00,-0.33,-1.20,-1.91
-1.48,9.05,-2.50,-0.04,-0.52,-1.32,-1.77
-2.53,9.33,-2.46,-0.01,-0.54,-1.52,-1.77
0.35,7.87,-2.21,-0.03,-0.69,-1.62,-1.77
-6.14,9.78,-2.88,0.01,-0.50,-1.82,-1.72
-1.88,8.84,-2.60,-0.13,-0.98,-1.76,-1.72
-3.85,9.98,-2.76,-0.14,-0.87,-1.96,-1.74
-3.02,5.62,-1.72,-0.18,-0.82,-2.07,-1.74
-7.74,5.69,-1.45,-0.22,-0.81,-2.00,-1.74
-6.07,7.26,-2.56,-0.28,-1.01,-1.90,-1.74
-4.28,14.66,-4.21,-0.42,-1.36,-1.97,-1.74
-4.61,11.48,-3.18,-0.45,-1.02,-2.40,-1.87
-8.66,16.80,-2.04,-0.78,-1.20,-2.33,-1.87
-3.52,19.61,-1.98,-1.11,-0.95,-2.48,-1.87
-5.38,17.92,-1.80,-1.31,-0.34,-2.38,-1.94
-4.63,13.18,-2.00,-1.51,0.15,-1.86,-1.94
-3.18,4.79,-2.34,-1.44,1.44,-1.43,-1.94
-8.90,0.74,-2.24,-1.26,1.72,-1.83,-1.94
-9.07,-1.64,-3.52,-0.89,1.54,-1.43,-1.94
-5.95,-1.81,-2.85,-0.82,1.01,-0.76,-1.94
-5.06,-1.57,-1.82,-0.80,0.18,0.25,-1.94
-3.35,-0.66,-1.55,-0.77,-0.76,1.35,-1.74
-2.70,0.04,-1.13,-0.69,-0.98,1.90,-1.74
-1.79,1.73,-0.16,-0.54,-0.86,2.37,-1.74
-1.98,2.78,0.23,-0.37,-0.61,2.78,-1.77
-1.91,3.87,0.03,-0.19,-0.30,3.17,-1.77
-1.19,4.66,-0.09,0.02,0.11,3.49,-1.80
-1.13,5.36,-0.33,0.24,0.59,3.63,-1.80
-2.51,6.52,-0.45,0.48,0.89,3.65,-1.80
-3.71,8.04,-0.02,0.62,0.84,3.64,-1.80
-4.71,10.05,-0.41,0.62,0.60,3.74,-1.80
-6.15,11.49,-1.45,0.52,0.22,3.89,-1.95
-5.79,11.04,-1.55,0.42,-0.30,4.03,-1.95
-4.26,11.02,-1.57,0.40,-0.64,4.02,-1.95
-2.95,11.14,-1.38,0.48,-0.67,3.80,-1.80
-2.79,11.42,-1.83,0.65,-0.59,3.39,-1.80
-3.32,12.22,-1.76,0.71,-0.54,2.93,-1.60
-3.09,12.33,-1.35,0.69,-0.55,2.56,-1.60
-2.28,11.47,-0.91,0.69,-0.57,2.15,-1.60
-0.57,10.26,-0.64,0.62,-0.54,1.69,-1.60
0.64,9.76,-0.53,0.60,-0.35,1.21,-1.60
0.72,9.64,-0.56,0.58,-0.16,0.80,-1.53
0.04,9.22,-0.66,0.53,-0.15,0.49,-1.53
-0.50,8.61,-0.62,0.44,-0.38,0.20,-1.53
-0.16,8.20,-0.48,0.31,-0.58,-0.00,-1.54
0.95,7.59,0.17,0.19,-0.62,-0.20,-1.54
1.15,7.79,0.23,0.13,-0.52,-0.38,-1.80
1.12,8.26,0.05,0.09,-0.40,-0.47,-1.80
0.81,8.29,-0.03,0.05,-0.40,-0.62,-1.80
0.87,7.74,0.06,0.00,-0.63,-0.75,-1.53
2.04,7.32,0.55,-0.10,-0.79,-0.82,-1.53
-0.71,6.19,3.71,0.12,-1.10,-0.98,-1.53
-13.33,14.66,-19.61,0.20,3.07,-4.01,-1.53
3.05,18.97,-2.67,0.68,-0.33,-2.06,-1.53
19.61,0.75,-1.76,0.95,2.38,-1.76,-1.78
1.10,19.61,-17.15,0.03,3.63,-2.51,-1.78
8.02,19.61,11.27,0.38,1.06,-2.74,-1.50
-5.77,1.27,-10.88,0.72,1.36,-3.74,-1.50
-17.94,5.78,-3.53,0.49,0.37,-2.17,-1.50
-13.74,8.01,-6.01,0.08,-0.77,-0.40,-1.30
-6.66,9.95,-3.93,-0.20,-1.16,0.65,-1.30
3.79,11.80,-4.30,-0.19,-0.30,0.43,-1.30
0.17,10.71,-2.48,-0.17,0.32,-0.04,-1.30
-3.44,8.93,-2.03,-0.12,0.15,0.05,-1.30
-3.13,8.87,-2.27,-0.11,-0.52,0.25,-1.26
-0.39,8.55,-3.04,-0.10,-0.87,0.30,-1.26
1.38,8.01,-2.47,-0.04,-0.70,0.08,-1.10
1.37,8.42,-1.95,-0.01,-0.36,-0.21,-1.10
1.29,8.61,-2.50,-0.01,-0.22,-0.52,-1.10
2.45,8.34,-3.04,-0.02,-0.15,-0.89,-1.31
1.67,8.84,-3.16,-0.01,-0.01,-1.27,-1.31
-0.10,9.30,-2.12,0.02,-0.09,-1.57,-1.31
-2.08,9.61,-2.04,0.08,-0.21,-1.77,-1.31
-1.23,8.40,-2.18,0.12,-0.53,-1.85,-1.31
-4.89,8.33,-2.33,0.16,-0.58,-1.92,-1.43
-4.10,8.17,-2.33,0.08,-0.82,-1.85,-1.43
-0.98,10.44,-3.00,0.01,-0.99,-1.85,-1.54
-3.11,8.02,-3.79,0.04,-0.69,-2.25,-1.54
-6.67,8.16,-1.91,-0.09,-1.10,-2.03,-1.54
-5.37,7.80,-1.77,-0.16,-1.05,-2.04,-1.59
-3.41,7.89,-2.15,-0.26,-1.05,-2.09,-1.59
-6.22,5.76,-2.55,-0.17,-0.83,-2.29,-1.59
-8.22,11.85,-3.71,-0.32,-1.29,-2.13,-1.59
-6.57,18.41,-4.64,-0.61,-1.36,-2.20,-1.59
-2.59,19.61,-3.34,-1.02,-1.31,-2.47,-1.66
-2.35,19.61,-2.41,-1.26,-0.58,-2.70,-1.66
-2.51,14.21,-2.13,-1.42,0.14,-2.30,-1.71
-2.82,6.88,-5.11,-1.19,1.43,-1.67,-1.71
-9.08,-1.74,-3.10,-1.26,2.09,-2.15,-1.71
-13.68,-5.33,-5.15,-0.74,2.08,-1.90,-1.62
-4.14,-2.08,-3.00,-0.92,1.15,-0.44,-1.62
-2.73,-1.07,-1.70,-1.02,-0.33,0.81,-1.62
-1.06,-2.15,-1.31,-0.88,-0.66,1.69,-1.62
-0.51,-0.16,-0.65,-0.69,-0.50,2.45,-1.62
0.14,1.87,-0.17,-0.52,-0.35,3.05,-1.43
-1.46,2.64,-0.04,-0.28,-0.13,3.42,-1.43
-2.47,3.77,-0.36,-0.07,-0.09,3.86,-1.71
-1.79,5.08,-0.46,0.15,-0.04,4.21,-1.71
-1.67,6.85,-0.43,0.44,0.25,4.33,-1.71
-3.02,8.03,-0.23,0.67,0.38,4.25,-1.61
-4.53,9.05,-0.05,0.82,0.17,4.17,-1.61
-4.92,10.22,-0.63,0.90,0.01,4.21,-1.57
-5.44,11.24,-2.19,0.80,-0.21,4.25,-1.57
-5.04,11.29,-2.73,0.54,-0.43,4.18,-1.57
-4.83,11.17,-1.70,0.44,-0.54,3.81,-1.57
-5.06,10.68,-1.25,0.55,-0.73,3.34,-1.57
-4.15,11.11,-2.11,0.68,-0.78,2.88,-1.58
-1.75,12.50,-2.03,0.58,-0.70,2.60,-1.58
-0.52,9.53,0.37,0.24,-0.83,1.91,-1.58
-1.74,7.83,-0.59,0.43,-0.33,1.10,-1.20
-1.23,8.71,-1.94,0.68,-0.08,0.72,-1.20
-0.42,8.22,-1.19,0.50,-0.27,0.33,-1.28
-0.03,7.54,-0.27,0.27,-0.40,0.01,-1.28
0.20,7.85,-0.65,0.24,-0.60,-0.24,-1.28
-0.15,10.25,-0.97,0.13,-1.23,-0.41,-1.28
-1.35,10.06,1.03,0.09,-2.10,-0.62,-1.28
-12.48,6.07,-19.61,1.41,1.00,-3.73,-1.59
7.14,19.61,1.13,-0.45,-1.89,-1.76,-1.59
19.61,4.25,2.81,0.50,2.16,-2.13,-1.59
7.20,11.04,-10.32,0.73,2.73,-2.72,-1.20
-2.49,19.61,-4.00,0.20,2.27,-2.89,-1.20
0.30,15.19,0.62,0.38,0.67,-2.95,-1.17
-10.92,6.49,-5.84,0.26,0.40,-2.39,-1.17
-7.92,5.13,-5.72,0.11,-0.09,-1.50,-1.17
-12.59,8.99,-3.22,-0.21,-0.02,-0.31,-1.17
-2.94,10.93,-3.54,-0.34,-0.23,0.27,-1.17
-0.24,11.05,-2.74,-0.31,0.27,0.11,-1.02
-1.82,10.22,-1.80,-0.24,0.24,0.04,-1.02
-3.02,9.10,-2.01,-0.18,-0.07,0.16,-1.02
-1.66,8.70,-2.60,-0.17,-0.42,0.27,-0.79
0.22,8.41,-2.81,-0.16,-0.36,0.20,-0.79
0.05,8.70,-2.52,-0.12,-0.11,0.06,-0.83
0.32,8.76,-2.82,-0.12,0.02,-0.12,-0.83
-0.05,8.74,-2.92,-0.11,0.06,-0.27,-0.83
0.70,8.88,-3.13,-0.12,-0.03,-0.44,-0.83
1.67,9.11,-3.10,-0.13,-0.10,-0.68,-0.83
1.45,9.16,-2.82,-0.11,-0.05,-1.00,-0.99
-1.20,9.22,-2.59,-0.10,0.00,-1.22,-0.99
-2.48,9.11,-2.58,-0.15,-0.19,-1.29,-0.99
-1.11,8.97,-1.95,-0.11,-0.48,-1.40,-0.99
0.33,8.24,-2.17,-0.05,-0.57,-1.58,-0.99
-3.72,8.50,-2.12,-0.00,-0.40,-1.82,-1.03
-3.23,8.83,-2.09,-0.04,-0.69,-1.84,-1.03
-1.48,10.64,-3.17,-0.09,-1.13,-2.03,-1.03
-1.33,7.17,-3.32,-0.04,-1.10,-2.40,-1.03
-6.79,6.61,-1.42,-0.10,-1.18,-2.36,-1.03
-5.32,9.86,-1.82,-0.22,-1.37,-2.33,-1.03
-0.90,10.87,-2.84,-0.37,-1.38,-2.57,-1.03
-5.64,2.58,-1.67,-0.29,-0.98,-2.91,-1.03
-11.97,10.58,-2.78,-0.43,-1.60,-2.49,-1.02
-7.46,19.61,-5.36,-0.78,-1.92,-2.61,-1.02
-2.50,19.61,-3.59,-1.41,-2.15,-3.29,-1.08
-2.33,19.61,-4.11,-1.75,-1.35,-3.57,-1.08
-0.82,13.38,-3.06,-2.01,0.32,-2.79,-1.08
-1.68,2.67,-1.82,-2.21,1.81,-2.07,-1.13
-9.84,-2.09,-1.32,-2.07,2.20,-2.35,-1.13
-12.36,-3.91,-4.10,-1.69,1.85,-1.79,-1.13
-6.00,-2.64,-2.24,-1.61,0.93,-0.61,-1.13
-3.82,-2.35,-0.81,-1.46,-0.31,0.76,-1.13
-4.34,-3.41,-1.03,-1.17,-0.98,1.70,-0.91
-1.97,-2.19,-0.35,-0.75,-1.22,2.44,-0.91
-0.66,-0.44,0.76,-0.50,-1.06,3.12,-1.16
-0.72,1.28,1.86,-0.19,-0.75,3.40,-1.16
-0.06,2.70,1.20,0.15,-0.24,3.74,-1.16
1.59,3.97,1.16,0.41,0.38,4.00,-1.16
0.75,5.36,0.97,0.60,0.97,4.14,-1.16
-1.23,6.68,0.77,0.70,1.19,4.35,-1.16
-2.94,7.41,0.54,0.72,1.07,4.37,-1.16
-4.15,7.71,0.28,0.77,0.81,4.37,-1.16
-4.41,9.15,-0.10,0.81,0.46,4.37,-1.07
-4.43,12.23,-1.00,0.71,-0.08,4.37,-1.07
-4.33,15.72,-2.09,0.62,-0.32,4.37,-1.29
-4.32,18.77,-3.08,0.78,-0.29,4.37,-1.29
-2.23,19.61,-3.58,0.98,0.05,4.37,-1.29
0.82,17.22,-3.56,1.29,0.97,4.11,-1.03
-1.33,14.68,-3.16,1.44,1.98,2.56,-1.03
-7.39,12.98,-2.67,0.94,1.60,0.98,-1.03
-6.12,9.70,0.09,0.27,0.09,-0.32,-1.03
-1.16,10.68,-1.64,0.04,-0.54,-1.50,-1.03
18.38,13.84,6.37,-0.60,-0.86,0.02,-0.75
11.82,9.04,-0.38,1.13,0.27,-0.93,-0.75
-4.91,13.31,-1.76,0.61,2.66,-2.82,-0.72
-3.18,15.48,-0.03,0.90,2.18,-2.10,-0.72
0.99,7.04,-1.76,0.74,1.01,-1.95,-0.72
-2.29,5.88,-3.31,0.60,-0.13,-1.31,-0.72
-2.63,9.28,-3.47,0.41,-0.81,-0.92,-0.72
1.34,10.41,-2.49,0.29,-0.86,-0.64,-0.72
3.13,9.14,-1.39,0.41,-0.05,-0.67,-0.72
2.94,9.78,-0.52,0.56,0.85,-0.90,-0.72
0.36,9.68,-2.07,0.63,0.93,-0.96,-0.89
-1.20,9.34,-3.64,0.52,0.38,-0.77,-0.89
0.57,9.56,-3.27,0.41,-0.09,-0.60,-1.02
1.74,9.58,-3.36,0.36,0.03,-0.62,-1.02
0.87,9.58,-3.27,0.32,0.27,-0.68,-1.02
-0.34,9.55,-2.76,0.29,0.30,-0.62,-0.78
-1.18,9.73,-2.64,0.24,0.09,-0.48,-0.78